# waypoint times [all in gps seconds]
1148862879.34
1148863747.34
1148863747.34
1148863779.65
1148863788.78
1148863795.06
1148863800.79
1148863805.88
1148863810.99
1148863816.04
1148863820.63
1148863825.08
1148863830.13
1148863835.07
1148863840.51
1148863845.87
1148863851.88
1148863857.18
1148863862.65
1148863868.15
1148863873.7
1148863878.68
1148863883.64
1148863888.11
1148863893.11
1148863899.81
1148863905.06
1148863910.27
1148863916.04
1148863921.68
1148863927.62
1148863933.39
1148863939.99
1148863945.98
1148863952.26
1148863958.21
1148863963.54
1148863968.54
1148863973.06
1148863978.34
1148863982.9
1148863987.99
1148863993.15
1148863998.68
1148864004.15
1148864009.75
1148864015.55
1148864021.19
1148864026.6
1148864032.57
1148864037.73
1148864042.73
1148864047.4
1148864054.28
1148864059.44
1148864065.77
1148864072.08
1148864077.91
1148864083.61
1148864089.41
1148864095.33
1148864101.81
1148864107.37
1148864112.6
1148864117.87
1148864122.92
1148864127.65
1148864132.84
1148864138.03
1148864144.26
# waypoint times [all in gps seconds]
1148864951.52
1148864957.63
1148864963.96
1148864970.16
1148864976.49
1148864982.39
1148864988.43
1148864994.18
1148864999.46
1148865004.24
1148865009.36
1148865014.43
1148865019.75
1148865026.09
1148865032.24
1148865037.99
1148865043.94
1148865049.69
1148865054.99
1148865060.35
1148865066.87
1148865072.29
1148865077.71
1148865083.88
1148865090.35
1148865096.05
1148865101.71
1148865106.93
1148865111.95
1148865117.74
1148865123.59
1148865129.45
1148865136.21
1148865142.12
1148865147.42
1148865152.77
1148865159.9
1148865165.65
1148865171.42
1148865177.84
1148865184.5
1148865190.15
1148865195.11
1148865200.99
1148865206.61
1148865213.16
1148865219.34
1148865224.84
1148865232.15
1148865237.69
1148865244.66
1148865250.54
1148865255.64
1148865261.55
1148865268.03
1148865273.89
1148865280.83
1148865286.69
1148865291.92
# waypoint times [all in gps seconds]
1148866547.97
1148866586.03
1148866593.16
1148866600.13
1148866606.62
1148866613.04
1148866619.32
1148866626.15
1148866632.49
1148866639.39
1148866645.77
1148866652.58
1148866658.76
1148866664.63
1148866670.53
1148866676.26
1148866682.0
1148866687.1
1148866692.84
1148866698.38
1148866703.72
1148866709.96
1148866716.88
1148866722.9
1148866729.39
1148866736.4
1148866743.54
1148866750.37
1148866756.53
1148866762.75
1148866768.51
1148866773.98
1148866780.32
1148866789.03
1148866795.29
1148866802.16
1148866807.34
1148866813.41
1148866819.5
1148866825.44
1148866831.3
1148866837.9
1148866843.62
1148866849.43
1148866855.21
1148866861.13
1148866866.59
1148866872.15
1148866877.39
1148866882.35
1148866888.05
1148866893.36
1148866898.32
1148866904.37
1148866910.44
1148866916.35
1148866922.64
1148866928.87
1148866934.79
1148866940.56
1148866946.28
1148866951.44
1148866957.5
1148866963.29
1148866968.43
1148866973.93
1148866979.46
1148866984.18
1148866989.16
1148866994.22
1148866999.55
1148867005.05
1148867011.05
1148867017.39
