# Accumulated data for 31_05_2016, 18:34:03
# Column Format: 1 Time [GPS s], 2 Lat [deg], 3 Lon [deg],                            4 Rel Alt [m], 5: Radio Spectrum
# lat0,lon0: 34.6205940,-112.4479370
# Freqs: 137.505,137.51,137.515,137.519,137.524,137.529,137.534,137.539,137.544,137.549,137.554,137.559,137.563,137.568,137.573,137.578,137.583,137.588,137.593,137.598
1148778672.0,-1,-1,-1,-1,-1,-1,-1,-1,-1,-1,-1,-1,-1,-1,-1,-1,-1,-1,-1,-1,-1,-1,-1
1148778674.0,-1,-1,-1,-1,-1,-1,-1,-1,-1,-1,-1,-1,-1,-1,-1,-1,-1,-1,-1,-1,-1,-1,-1
1148778676.0,-1,-1,-1,-1,-1,-1,-1,-1,-1,-1,-1,-1,-1,-1,-1,-1,-1,-1,-1,-1,-1,-1,-1
1148778679.0,-1,-1,-1,-1,-1,-1,-1,-1,-1,-1,-1,-1,-1,-1,-1,-1,-1,-1,-1,-1,-1,-1,-1
1148778681.0,-1,-1,-1,-1,-1,-1,-1,-1,-1,-1,-1,-1,-1,-1,-1,-1,-1,-1,-1,-1,-1,-1,-1
1148778683.0,-1,-1,-1,-1,-1,-1,-1,-1,-1,-1,-1,-1,-1,-1,-1,-1,-1,-1,-1,-1,-1,-1,-1
1148778685.0,-1,-1,-1,-1,-1,-1,-1,-1,-1,-1,-1,-1,-1,-1,-1,-1,-1,-1,-1,-1,-1,-1,-1
1148778687.0,-1,-1,-1,-1,-1,-1,-1,-1,-1,-1,-1,-1,-1,-1,-1,-1,-1,-1,-1,-1,-1,-1,-1
1148778690.0,-1,-1,-1,-1,-1,-1,-1,-1,-1,-1,-1,-1,-1,-1,-1,-1,-1,-1,-1,-1,-1,-1,-1
1148778692.0,34.62073,-112.44841,-0.13,-87.218,-87.053,-87.359,-87.259,-87.155,-87.353,-87.383,-87.445,-87.287,-87.454,-87.658,-87.538,-87.545,-87.516,-87.552,-87.505,-87.731,-87.731,-87.421,-87.223
1148778694.0,-1,-1,-1,-1,-1,-1,-1,-1,-1,-1,-1,-1,-1,-1,-1,-1,-1,-1,-1,-1,-1,-1,-1
1148778696.0,34.62073,-112.44841,-0.11,-87.315,-87.255,-87.318,-87.347,-87.345,-87.158,-87.128,-87.124,-87.273,-87.205,-87.739,-87.844,-87.388,-87.418,-87.466,-87.39,-87.878,-87.758,-87.338,-87.482
1148778698.0,34.62072,-112.44842,-0.08,-87.234,-87.079,-87.141,-87.077,-87.178,-87.362,-87.348,-87.279,-87.23,-87.221,-87.371,-87.336,-87.445,-87.478,-87.487,-87.279,-87.257,-87.353,-87.45,-87.267
1148778700.0,34.62072,-112.44842,-0.07,-87.134,-87.123,-87.304,-87.409,-87.908,-87.706,-87.369,-87.437,-87.231,-87.148,-87.181,-87.142,-87.366,-87.525,-87.366,-87.269,-87.355,-87.372,-87.665,-87.761
1148778703.0,-1,-1,-1,-1,-1,-1,-1,-1,-1,-1,-1,-1,-1,-1,-1,-1,-1,-1,-1,-1,-1,-1,-1
1148778705.0,34.62072,-112.44842,-0.35,-87.044,-87.26,-87.569,-87.532,-86.973,-86.753,-86.948,-87.313,-87.401,-87.392,-87.319,-87.21,-87.279,-87.315,-87.371,-87.438,-87.402,-87.469,-87.277,-87.109
1148778707.0,-1,-1,-1,-1,-1,-1,-1,-1,-1,-1,-1,-1,-1,-1,-1,-1,-1,-1,-1,-1,-1,-1,-1
1148778709.0,34.62072,-112.44842,-0.3,-87.213,-87.197,-86.832,-86.989,-87.42,-87.516,-87.368,-87.276,-87.743,-87.447,-87.354,-87.346,-87.152,-86.835,-86.964,-87.314,-87.455,-87.393,-87.676,-87.416
1148778711.0,-1,-1,-1,-1,-1,-1,-1,-1,-1,-1,-1,-1,-1,-1,-1,-1,-1,-1,-1,-1,-1,-1,-1
1148778714.0,34.62072,-112.44842,-0.23,-87.349,-87.223,-87.162,-87.213,-87.305,-87.022,-87.094,-87.289,-87.297,-87.433,-87.346,-87.517,-87.599,-87.453,-87.572,-87.382,-87.567,-87.407,-87.214,-87.446
1148778716.0,-1,-1,-1,-1,-1,-1,-1,-1,-1,-1,-1,-1,-1,-1,-1,-1,-1,-1,-1,-1,-1,-1,-1
1148778718.0,34.62072,-112.44842,-0.22,-86.945,-87.213,-87.484,-87.439,-87.572,-87.315,-87.525,-87.362,-87.528,-87.538,-87.077,-87.091,-87.106,-86.987,-86.978,-87.175,-87.553,-87.729,-88.0,-87.634
1148778720.0,34.62072,-112.44842,-0.24,-87.344,-87.081,-87.287,-87.233,-87.279,-87.447,-87.248,-86.95,-87.443,-87.594,-87.094,-87.081,-87.106,-87.423,-87.507,-87.556,-87.446,-87.629,-87.432,-87.404
1148778722.0,34.62072,-112.44842,-0.23,-87.614,-87.315,-87.394,-87.174,-87.284,-87.135,-87.589,-87.711,-87.355,-87.133,-87.107,-87.298,-87.3,-87.321,-87.381,-87.3,-87.042,-87.319,-87.57,-87.599
1148778724.0,34.62072,-112.44842,-0.16,-87.317,-87.559,-87.432,-87.414,-86.884,-87.025,-87.725,-87.414,-87.604,-87.33,-87.337,-87.372,-87.614,-87.494,-87.307,-87.545,-87.525,-87.636,-87.434,-87.537
1148778727.0,34.62072,-112.44842,-0.15,-87.234,-87.11,-86.86,-87.263,-87.181,-87.395,-87.386,-87.365,-87.239,-87.297,-87.133,-86.921,-87.265,-87.333,-87.137,-87.547,-87.639,-87.754,-87.005,-87.213
1148778729.0,34.62072,-112.44842,-0.1,-87.433,-87.342,-87.293,-87.36,-87.308,-86.857,-86.859,-86.978,-87.403,-87.509,-87.097,-87.472,-87.515,-87.507,-87.312,-87.216,-87.233,-87.299,-87.201,-87.496
1148778731.0,34.62072,-112.44842,-0.01,-87.364,-87.347,-87.285,-87.469,-87.632,-87.57,-87.24,-87.071,-87.216,-87.391,-87.574,-87.46,-87.346,-87.275,-87.117,-87.329,-87.743,-87.53,-87.493,-87.381
1148778733.0,-1,-1,-1,-1,-1,-1,-1,-1,-1,-1,-1,-1,-1,-1,-1,-1,-1,-1,-1,-1,-1,-1,-1
1148778736.0,34.62072,-112.44842,-0.16,-87.409,-87.281,-87.451,-87.132,-87.048,-87.162,-87.439,-87.63,-87.386,-87.166,-87.075,-87.359,-87.563,-87.377,-87.339,-87.386,-87.079,-87.286,-87.36,-87.48
1148778738.0,34.62072,-112.44842,-0.2,-87.022,-87.235,-87.178,-87.288,-87.546,-87.419,-87.462,-87.254,-87.112,-87.153,-87.591,-87.064,-86.911,-87.136,-87.427,-87.487,-87.552,-87.617,-87.307,-87.328
1148778740.0,34.62072,-112.44842,-0.16,-87.43,-87.457,-87.4,-87.315,-87.132,-87.258,-87.403,-87.169,-87.247,-87.518,-87.342,-87.162,-87.114,-86.987,-87.201,-87.245,-87.288,-87.671,-87.712,-87.344
1148778742.0,-1,-1,-1,-1,-1,-1,-1,-1,-1,-1,-1,-1,-1,-1,-1,-1,-1,-1,-1,-1,-1,-1,-1
1148778744.0,-1,-1,-1,-1,-1,-1,-1,-1,-1,-1,-1,-1,-1,-1,-1,-1,-1,-1,-1,-1,-1,-1,-1
1148778747.0,34.62072,-112.44842,-0.33,-87.041,-86.925,-87.054,-87.392,-87.596,-87.387,-87.351,-87.347,-87.4,-87.546,-87.604,-87.378,-87.618,-87.158,-87.267,-87.516,-87.476,-87.55,-87.581,-87.618
1148778749.0,-1,-1,-1,-1,-1,-1,-1,-1,-1,-1,-1,-1,-1,-1,-1,-1,-1,-1,-1,-1,-1,-1,-1
1148778751.0,34.62072,-112.44842,-0.16,-87.431,-87.322,-87.266,-87.27,-87.336,-87.611,-87.723,-87.646,-87.484,-87.582,-87.92,-87.735,-87.46,-87.449,-87.134,-87.257,-87.63,-87.474,-87.375,-87.356
1148778753.0,-1,-1,-1,-1,-1,-1,-1,-1,-1,-1,-1,-1,-1,-1,-1,-1,-1,-1,-1,-1,-1,-1,-1
1148778756.0,34.62073,-112.44842,-0.08,-87.381,-87.179,-87.396,-86.982,-87.096,-87.472,-87.174,-87.037,-87.506,-87.562,-87.501,-87.151,-87.005,-87.064,-87.441,-87.731,-87.429,-87.529,-87.704,-87.662
1148778758.0,34.62073,-112.44842,-0.16,-87.278,-87.241,-87.163,-87.167,-87.043,-87.356,-87.137,-87.156,-87.309,-87.559,-87.741,-87.594,-87.156,-87.362,-87.454,-87.424,-87.456,-87.52,-87.64,-87.83
1148778760.0,34.62073,-112.44842,-0.23,-87.605,-87.71,-87.371,-87.248,-87.091,-87.154,-87.132,-87.249,-87.319,-87.218,-87.25,-87.166,-87.422,-87.315,-87.199,-86.981,-87.339,-87.537,-87.395,-87.439
1148778762.0,-1,-1,-1,-1,-1,-1,-1,-1,-1,-1,-1,-1,-1,-1,-1,-1,-1,-1,-1,-1,-1,-1,-1
1148778765.0,34.62073,-112.44842,-0.19,-87.373,-87.023,-86.96,-87.094,-87.175,-87.173,-87.411,-87.521,-87.233,-87.253,-87.435,-87.266,-87.521,-87.638,-87.643,-87.577,-87.421,-87.449,-87.421,-87.677
1148778767.0,-1,-1,-1,-1,-1,-1,-1,-1,-1,-1,-1,-1,-1,-1,-1,-1,-1,-1,-1,-1,-1,-1,-1
1148778769.0,34.62073,-112.44842,-0.15,-87.092,-87.222,-87.161,-87.145,-87.049,-87.026,-87.045,-87.114,-87.056,-87.089,-87.263,-87.306,-87.129,-87.217,-87.561,-87.437,-87.65,-87.652,-87.614,-87.709
1148778771.0,-1,-1,-1,-1,-1,-1,-1,-1,-1,-1,-1,-1,-1,-1,-1,-1,-1,-1,-1,-1,-1,-1,-1
1148778773.0,34.62073,-112.44842,-0.12,-87.392,-87.376,-87.442,-87.406,-87.361,-87.527,-87.392,-87.494,-87.367,-87.512,-87.469,-87.165,-87.055,-87.245,-87.458,-87.398,-87.751,-87.69,-87.732,-87.531
1148778776.0,34.62073,-112.44842,-0.17,-86.974,-87.243,-87.259,-87.449,-87.615,-87.697,-87.54,-87.4,-87.623,-87.664,-87.456,-87.134,-87.628,-87.824,-87.695,-87.249,-87.414,-87.589,-87.506,-87.225
1148778778.0,34.62073,-112.44842,-0.22,-87.306,-87.175,-87.029,-87.216,-87.246,-87.125,-87.207,-87.393,-87.144,-87.33,-87.258,-87.394,-87.208,-87.061,-87.202,-87.148,-87.09,-87.382,-87.341,-87.66
1148778780.0,-1,-1,-1,-1,-1,-1,-1,-1,-1,-1,-1,-1,-1,-1,-1,-1,-1,-1,-1,-1,-1,-1,-1
1148778782.0,34.62073,-112.44842,-0.27,-87.202,-87.184,-86.93,-87.234,-87.677,-87.589,-87.527,-87.182,-87.332,-87.231,-87.322,-87.327,-87.603,-87.331,-87.129,-87.366,-87.591,-87.718,-87.641,-87.422
1148778785.0,-1,-1,-1,-1,-1,-1,-1,-1,-1,-1,-1,-1,-1,-1,-1,-1,-1,-1,-1,-1,-1,-1,-1
1148778787.0,-1,-1,-1,-1,-1,-1,-1,-1,-1,-1,-1,-1,-1,-1,-1,-1,-1,-1,-1,-1,-1,-1,-1
1148778789.0,34.62073,-112.44842,-0.24,-87.172,-87.409,-87.273,-87.252,-87.563,-87.194,-87.125,-87.5,-87.421,-87.313,-87.248,-87.193,-87.095,-87.141,-87.361,-87.451,-87.601,-87.273,-87.046,-87.008
1148778791.0,-1,-1,-1,-1,-1,-1,-1,-1,-1,-1,-1,-1,-1,-1,-1,-1,-1,-1,-1,-1,-1,-1,-1
1148778794.0,34.62073,-112.44842,-0.24,-87.262,-87.249,-87.431,-87.453,-87.492,-87.61,-87.51,-87.372,-87.474,-87.329,-87.383,-87.252,-87.205,-87.531,-87.424,-87.607,-87.489,-87.455,-87.386,-87.524
1148778796.0,34.62073,-112.44842,-0.26,-87.267,-87.706,-87.621,-87.238,-87.199,-87.014,-87.48,-87.138,-87.161,-86.993,-87.035,-87.246,-87.648,-87.63,-87.402,-87.255,-87.303,-87.206,-87.426,-87.115
1148778798.0,34.62073,-112.44842,-0.26,-87.312,-87.264,-86.951,-87.089,-87.451,-87.477,-87.415,-87.199,-87.389,-87.422,-87.039,-86.986,-87.185,-87.249,-86.956,-87.264,-87.232,-87.073,-87.127,-87.412
1148778800.0,34.62073,-112.44842,-0.26,-87.585,-87.473,-87.092,-87.264,-87.694,-87.481,-87.092,-87.235,-87.408,-87.333,-87.214,-87.303,-87.661,-87.903,-87.79,-87.312,-87.204,-87.293,-87.478,-87.583
1148778803.0,34.62073,-112.44842,-0.26,-71.941,-78.46,-87.078,-87.116,-87.132,-87.362,-87.79,-87.408,-87.096,-86.884,-87.151,-87.522,-87.443,-87.212,-87.344,-87.423,-87.48,-87.638,-87.223,-87.267
1148778805.0,-1,-1,-1,-1,-1,-1,-1,-1,-1,-1,-1,-1,-1,-1,-1,-1,-1,-1,-1,-1,-1,-1,-1
1148778807.0,34.62074,-112.44843,-0.12,-70.149,-76.856,-87.352,-87.39,-87.149,-86.875,-87.175,-87.452,-87.612,-87.244,-86.837,-86.942,-87.016,-86.945,-87.092,-87.299,-87.55,-87.427,-87.489,-87.744
1148778809.0,-1,-1,-1,-1,-1,-1,-1,-1,-1,-1,-1,-1,-1,-1,-1,-1,-1,-1,-1,-1,-1,-1,-1
1148778812.0,34.62074,-112.44843,0.05,-69.924,-76.648,-87.139,-87.193,-87.161,-87.316,-87.456,-87.209,-87.291,-87.136,-87.169,-87.352,-87.508,-87.43,-87.382,-87.372,-87.376,-87.338,-87.448,-87.513
1148778814.0,-1,-1,-1,-1,-1,-1,-1,-1,-1,-1,-1,-1,-1,-1,-1,-1,-1,-1,-1,-1,-1,-1,-1
1148778816.0,-1,-1,-1,-1,-1,-1,-1,-1,-1,-1,-1,-1,-1,-1,-1,-1,-1,-1,-1,-1,-1,-1,-1
1148778818.0,-1,-1,-1,-1,-1,-1,-1,-1,-1,-1,-1,-1,-1,-1,-1,-1,-1,-1,-1,-1,-1,-1,-1
1148778820.0,-1,-1,-1,-1,-1,-1,-1,-1,-1,-1,-1,-1,-1,-1,-1,-1,-1,-1,-1,-1,-1,-1,-1
1148778823.0,-1,-1,-1,-1,-1,-1,-1,-1,-1,-1,-1,-1,-1,-1,-1,-1,-1,-1,-1,-1,-1,-1,-1
1148778825.0,-1,-1,-1,-1,-1,-1,-1,-1,-1,-1,-1,-1,-1,-1,-1,-1,-1,-1,-1,-1,-1,-1,-1
1148778827.0,-1,-1,-1,-1,-1,-1,-1,-1,-1,-1,-1,-1,-1,-1,-1,-1,-1,-1,-1,-1,-1,-1,-1
1148778829.0,-1,-1,-1,-1,-1,-1,-1,-1,-1,-1,-1,-1,-1,-1,-1,-1,-1,-1,-1,-1,-1,-1,-1
1148778831.0,-1,-1,-1,-1,-1,-1,-1,-1,-1,-1,-1,-1,-1,-1,-1,-1,-1,-1,-1,-1,-1,-1,-1
1148778834.0,-1,-1,-1,-1,-1,-1,-1,-1,-1,-1,-1,-1,-1,-1,-1,-1,-1,-1,-1,-1,-1,-1,-1
1148778836.0,-1,-1,-1,-1,-1,-1,-1,-1,-1,-1,-1,-1,-1,-1,-1,-1,-1,-1,-1,-1,-1,-1,-1
1148778838.0,-1,-1,-1,-1,-1,-1,-1,-1,-1,-1,-1,-1,-1,-1,-1,-1,-1,-1,-1,-1,-1,-1,-1
1148778840.0,-1,-1,-1,-1,-1,-1,-1,-1,-1,-1,-1,-1,-1,-1,-1,-1,-1,-1,-1,-1,-1,-1,-1
1148778842.0,-1,-1,-1,-1,-1,-1,-1,-1,-1,-1,-1,-1,-1,-1,-1,-1,-1,-1,-1,-1,-1,-1,-1
1148778845.0,-1,-1,-1,-1,-1,-1,-1,-1,-1,-1,-1,-1,-1,-1,-1,-1,-1,-1,-1,-1,-1,-1,-1
1148778847.0,-1,-1,-1,-1,-1,-1,-1,-1,-1,-1,-1,-1,-1,-1,-1,-1,-1,-1,-1,-1,-1,-1,-1
1148778849.0,-1,-1,-1,-1,-1,-1,-1,-1,-1,-1,-1,-1,-1,-1,-1,-1,-1,-1,-1,-1,-1,-1,-1
1148778851.0,-1,-1,-1,-1,-1,-1,-1,-1,-1,-1,-1,-1,-1,-1,-1,-1,-1,-1,-1,-1,-1,-1,-1
1148778854.0,-1,-1,-1,-1,-1,-1,-1,-1,-1,-1,-1,-1,-1,-1,-1,-1,-1,-1,-1,-1,-1,-1,-1
1148778856.0,-1,-1,-1,-1,-1,-1,-1,-1,-1,-1,-1,-1,-1,-1,-1,-1,-1,-1,-1,-1,-1,-1,-1
1148778858.0,-1,-1,-1,-1,-1,-1,-1,-1,-1,-1,-1,-1,-1,-1,-1,-1,-1,-1,-1,-1,-1,-1,-1
1148778860.0,-1,-1,-1,-1,-1,-1,-1,-1,-1,-1,-1,-1,-1,-1,-1,-1,-1,-1,-1,-1,-1,-1,-1
1148778862.0,-1,-1,-1,-1,-1,-1,-1,-1,-1,-1,-1,-1,-1,-1,-1,-1,-1,-1,-1,-1,-1,-1,-1
1148778865.0,-1,-1,-1,-1,-1,-1,-1,-1,-1,-1,-1,-1,-1,-1,-1,-1,-1,-1,-1,-1,-1,-1,-1
1148778867.0,-1,-1,-1,-1,-1,-1,-1,-1,-1,-1,-1,-1,-1,-1,-1,-1,-1,-1,-1,-1,-1,-1,-1
1148778869.0,-1,-1,-1,-1,-1,-1,-1,-1,-1,-1,-1,-1,-1,-1,-1,-1,-1,-1,-1,-1,-1,-1,-1
1148778871.0,-1,-1,-1,-1,-1,-1,-1,-1,-1,-1,-1,-1,-1,-1,-1,-1,-1,-1,-1,-1,-1,-1,-1
1148778874.0,-1,-1,-1,-1,-1,-1,-1,-1,-1,-1,-1,-1,-1,-1,-1,-1,-1,-1,-1,-1,-1,-1,-1
1148778876.0,-1,-1,-1,-1,-1,-1,-1,-1,-1,-1,-1,-1,-1,-1,-1,-1,-1,-1,-1,-1,-1,-1,-1
1148778878.0,-1,-1,-1,-1,-1,-1,-1,-1,-1,-1,-1,-1,-1,-1,-1,-1,-1,-1,-1,-1,-1,-1,-1
1148778880.0,-1,-1,-1,-1,-1,-1,-1,-1,-1,-1,-1,-1,-1,-1,-1,-1,-1,-1,-1,-1,-1,-1,-1
1148778882.0,-1,-1,-1,-1,-1,-1,-1,-1,-1,-1,-1,-1,-1,-1,-1,-1,-1,-1,-1,-1,-1,-1,-1
1148778885.0,-1,-1,-1,-1,-1,-1,-1,-1,-1,-1,-1,-1,-1,-1,-1,-1,-1,-1,-1,-1,-1,-1,-1
1148778887.0,-1,-1,-1,-1,-1,-1,-1,-1,-1,-1,-1,-1,-1,-1,-1,-1,-1,-1,-1,-1,-1,-1,-1
1148778889.0,-1,-1,-1,-1,-1,-1,-1,-1,-1,-1,-1,-1,-1,-1,-1,-1,-1,-1,-1,-1,-1,-1,-1
1148778891.0,-1,-1,-1,-1,-1,-1,-1,-1,-1,-1,-1,-1,-1,-1,-1,-1,-1,-1,-1,-1,-1,-1,-1
1148778893.0,-1,-1,-1,-1,-1,-1,-1,-1,-1,-1,-1,-1,-1,-1,-1,-1,-1,-1,-1,-1,-1,-1,-1
1148778896.0,-1,-1,-1,-1,-1,-1,-1,-1,-1,-1,-1,-1,-1,-1,-1,-1,-1,-1,-1,-1,-1,-1,-1
1148778898.0,-1,-1,-1,-1,-1,-1,-1,-1,-1,-1,-1,-1,-1,-1,-1,-1,-1,-1,-1,-1,-1,-1,-1
1148778900.0,-1,-1,-1,-1,-1,-1,-1,-1,-1,-1,-1,-1,-1,-1,-1,-1,-1,-1,-1,-1,-1,-1,-1
1148778902.0,-1,-1,-1,-1,-1,-1,-1,-1,-1,-1,-1,-1,-1,-1,-1,-1,-1,-1,-1,-1,-1,-1,-1
1148778905.0,-1,-1,-1,-1,-1,-1,-1,-1,-1,-1,-1,-1,-1,-1,-1,-1,-1,-1,-1,-1,-1,-1,-1
1148778907.0,-1,-1,-1,-1,-1,-1,-1,-1,-1,-1,-1,-1,-1,-1,-1,-1,-1,-1,-1,-1,-1,-1,-1
1148778909.0,-1,-1,-1,-1,-1,-1,-1,-1,-1,-1,-1,-1,-1,-1,-1,-1,-1,-1,-1,-1,-1,-1,-1
1148778911.0,-1,-1,-1,-1,-1,-1,-1,-1,-1,-1,-1,-1,-1,-1,-1,-1,-1,-1,-1,-1,-1,-1,-1
1148778913.0,-1,-1,-1,-1,-1,-1,-1,-1,-1,-1,-1,-1,-1,-1,-1,-1,-1,-1,-1,-1,-1,-1,-1
1148778916.0,-1,-1,-1,-1,-1,-1,-1,-1,-1,-1,-1,-1,-1,-1,-1,-1,-1,-1,-1,-1,-1,-1,-1
1148778918.0,-1,-1,-1,-1,-1,-1,-1,-1,-1,-1,-1,-1,-1,-1,-1,-1,-1,-1,-1,-1,-1,-1,-1
1148778920.0,-1,-1,-1,-1,-1,-1,-1,-1,-1,-1,-1,-1,-1,-1,-1,-1,-1,-1,-1,-1,-1,-1,-1
1148778922.0,-1,-1,-1,-1,-1,-1,-1,-1,-1,-1,-1,-1,-1,-1,-1,-1,-1,-1,-1,-1,-1,-1,-1
1148778924.0,-1,-1,-1,-1,-1,-1,-1,-1,-1,-1,-1,-1,-1,-1,-1,-1,-1,-1,-1,-1,-1,-1,-1
1148778927.0,-1,-1,-1,-1,-1,-1,-1,-1,-1,-1,-1,-1,-1,-1,-1,-1,-1,-1,-1,-1,-1,-1,-1
1148778929.0,-1,-1,-1,-1,-1,-1,-1,-1,-1,-1,-1,-1,-1,-1,-1,-1,-1,-1,-1,-1,-1,-1,-1
1148778931.0,-1,-1,-1,-1,-1,-1,-1,-1,-1,-1,-1,-1,-1,-1,-1,-1,-1,-1,-1,-1,-1,-1,-1
1148778933.0,-1,-1,-1,-1,-1,-1,-1,-1,-1,-1,-1,-1,-1,-1,-1,-1,-1,-1,-1,-1,-1,-1,-1
1148778936.0,-1,-1,-1,-1,-1,-1,-1,-1,-1,-1,-1,-1,-1,-1,-1,-1,-1,-1,-1,-1,-1,-1,-1
1148778938.0,-1,-1,-1,-1,-1,-1,-1,-1,-1,-1,-1,-1,-1,-1,-1,-1,-1,-1,-1,-1,-1,-1,-1
1148778940.0,-1,-1,-1,-1,-1,-1,-1,-1,-1,-1,-1,-1,-1,-1,-1,-1,-1,-1,-1,-1,-1,-1,-1
1148778942.0,-1,-1,-1,-1,-1,-1,-1,-1,-1,-1,-1,-1,-1,-1,-1,-1,-1,-1,-1,-1,-1,-1,-1
1148778944.0,-1,-1,-1,-1,-1,-1,-1,-1,-1,-1,-1,-1,-1,-1,-1,-1,-1,-1,-1,-1,-1,-1,-1
1148778947.0,-1,-1,-1,-1,-1,-1,-1,-1,-1,-1,-1,-1,-1,-1,-1,-1,-1,-1,-1,-1,-1,-1,-1
1148778949.0,-1,-1,-1,-1,-1,-1,-1,-1,-1,-1,-1,-1,-1,-1,-1,-1,-1,-1,-1,-1,-1,-1,-1
1148778951.0,34.62074,-112.44843,0.05,-68.174,-74.974,-86.812,-87.165,-87.244,-87.049,-87.457,-87.546,-87.645,-87.457,-87.327,-87.386,-87.496,-87.384,-87.091,-87.361,-87.634,-87.616,-87.488,-87.387
1148778953.0,-1,-1,-1,-1,-1,-1,-1,-1,-1,-1,-1,-1,-1,-1,-1,-1,-1,-1,-1,-1,-1,-1,-1
1148778956.0,-1,-1,-1,-1,-1,-1,-1,-1,-1,-1,-1,-1,-1,-1,-1,-1,-1,-1,-1,-1,-1,-1,-1
1148778958.0,-1,-1,-1,-1,-1,-1,-1,-1,-1,-1,-1,-1,-1,-1,-1,-1,-1,-1,-1,-1,-1,-1,-1
1148778960.0,-1,-1,-1,-1,-1,-1,-1,-1,-1,-1,-1,-1,-1,-1,-1,-1,-1,-1,-1,-1,-1,-1,-1
1148778962.0,-1,-1,-1,-1,-1,-1,-1,-1,-1,-1,-1,-1,-1,-1,-1,-1,-1,-1,-1,-1,-1,-1,-1
1148778964.0,34.62074,-112.44841,0.0,-70.451,-77.12,-87.434,-87.501,-87.429,-87.452,-87.33,-87.001,-87.0,-86.996,-87.466,-87.508,-87.046,-86.867,-87.0,-87.438,-87.674,-87.819,-87.629,-87.428
1148778967.0,34.62074,-112.44841,0.83,-72.207,-78.721,-87.276,-87.121,-87.27,-87.258,-86.839,-86.961,-87.271,-87.47,-87.371,-87.164,-87.097,-87.167,-87.195,-87.368,-87.364,-87.648,-87.666,-87.61
1148778969.0,-1,-1,-1,-1,-1,-1,-1,-1,-1,-1,-1,-1,-1,-1,-1,-1,-1,-1,-1,-1,-1,-1,-1
1148778971.0,-1,-1,-1,-1,-1,-1,-1,-1,-1,-1,-1,-1,-1,-1,-1,-1,-1,-1,-1,-1,-1,-1,-1
1148778973.0,34.62081,-112.44843,1.32,-77.657,-83.135,-87.194,-87.172,-87.06,-87.384,-87.249,-87.15,-87.467,-87.593,-87.282,-87.333,-87.459,-87.184,-87.062,-87.272,-87.425,-87.484,-87.657,-87.486
1148778975.0,34.62083,-112.44845,1.31,-75.383,-81.398,-87.0,-87.038,-87.37,-87.402,-87.382,-87.101,-87.045,-87.488,-87.809,-87.729,-87.441,-87.006,-87.153,-87.195,-87.422,-87.524,-87.685,-87.344
1148778978.0,-1,-1,-1,-1,-1,-1,-1,-1,-1,-1,-1,-1,-1,-1,-1,-1,-1,-1,-1,-1,-1,-1,-1
1148778980.0,34.62084,-112.44847,0.43,-72.492,-78.983,-87.244,-87.283,-87.343,-87.346,-87.543,-87.359,-87.552,-87.595,-87.376,-87.331,-87.644,-87.741,-87.464,-87.401,-87.361,-87.285,-87.328,-87.31
1148778982.0,34.62084,-112.44847,0.28,-71.394,-77.995,-87.155,-87.254,-87.351,-87.5,-87.522,-87.629,-87.397,-87.181,-87.055,-87.203,-87.011,-87.117,-87.157,-87.074,-87.135,-87.531,-87.611,-87.459
1148778984.0,-1,-1,-1,-1,-1,-1,-1,-1,-1,-1,-1,-1,-1,-1,-1,-1,-1,-1,-1,-1,-1,-1,-1
1148778986.0,-1,-1,-1,-1,-1,-1,-1,-1,-1,-1,-1,-1,-1,-1,-1,-1,-1,-1,-1,-1,-1,-1,-1
1148778989.0,-1,-1,-1,-1,-1,-1,-1,-1,-1,-1,-1,-1,-1,-1,-1,-1,-1,-1,-1,-1,-1,-1,-1
1148778991.0,34.62084,-112.44848,-0.01,-70.323,-76.992,-87.224,-87.381,-87.338,-87.276,-87.207,-87.188,-87.06,-87.341,-87.446,-87.128,-87.206,-87.34,-87.338,-87.477,-87.252,-87.165,-87.653,-87.64
1148778993.0,34.62084,-112.44848,0.05,-78.496,-83.467,-87.177,-87.42,-87.412,-87.166,-87.342,-87.268,-87.095,-87.246,-87.395,-87.075,-86.975,-87.15,-87.364,-87.575,-87.586,-87.765,-87.628,-87.572
1148778995.0,34.62084,-112.44848,1.44,-69.23,-75.998,-87.401,-87.419,-87.518,-87.424,-87.207,-87.452,-87.57,-87.272,-87.199,-87.33,-87.357,-87.243,-87.538,-87.568,-87.364,-87.442,-87.73,-87.75
1148778997.0,-1,-1,-1,-1,-1,-1,-1,-1,-1,-1,-1,-1,-1,-1,-1,-1,-1,-1,-1,-1,-1,-1,-1
1148779000.0,34.62085,-112.44848,0.36,-76.617,-82.343,-86.905,-87.083,-86.949,-87.041,-87.383,-87.365,-87.227,-87.154,-87.103,-87.144,-87.312,-87.608,-87.453,-87.468,-87.541,-87.426,-87.54,-87.265
1148779002.0,-1,-1,-1,-1,-1,-1,-1,-1,-1,-1,-1,-1,-1,-1,-1,-1,-1,-1,-1,-1,-1,-1,-1
1148779004.0,34.62084,-112.44847,-0.23,-78.46,-83.743,-86.949,-86.714,-86.914,-86.978,-86.981,-87.094,-87.148,-87.206,-87.406,-87.524,-87.335,-87.4,-87.477,-87.601,-87.665,-87.46,-87.094,-87.252
1148779006.0,34.62084,-112.44847,-0.24,-77.132,-82.82,-87.538,-87.336,-87.341,-87.312,-87.281,-87.35,-87.256,-87.254,-87.332,-87.383,-87.53,-87.741,-87.366,-87.5,-87.589,-87.379,-87.054,-87.06
1148779009.0,34.62084,-112.44847,-0.19,-80.411,-84.896,-87.335,-87.284,-87.257,-87.311,-86.942,-87.197,-87.202,-86.953,-87.326,-87.728,-87.611,-87.241,-87.146,-87.368,-87.481,-87.224,-87.544,-87.735
1148779011.0,-1,-1,-1,-1,-1,-1,-1,-1,-1,-1,-1,-1,-1,-1,-1,-1,-1,-1,-1,-1,-1,-1,-1
1148779013.0,34.62084,-112.44847,-0.23,-74.7,-80.797,-87.105,-87.224,-87.526,-87.507,-87.353,-87.452,-87.19,-87.378,-87.51,-87.354,-87.363,-87.298,-87.261,-87.498,-87.547,-87.418,-87.24,-87.28
1148779015.0,34.62084,-112.44847,-0.09,-77.898,-83.363,-87.083,-86.934,-87.418,-87.606,-87.302,-87.15,-87.209,-87.277,-87.477,-87.446,-87.309,-87.435,-87.243,-87.524,-87.907,-87.45,-87.385,-87.43
1148779017.0,-1,-1,-1,-1,-1,-1,-1,-1,-1,-1,-1,-1,-1,-1,-1,-1,-1,-1,-1,-1,-1,-1,-1
1148779020.0,34.62084,-112.44848,-0.34,-79.167,-84.082,-87.401,-87.318,-87.198,-87.161,-87.13,-87.523,-87.652,-87.336,-87.388,-87.444,-87.123,-87.354,-87.481,-87.366,-87.263,-87.467,-87.623,-87.637
1148779022.0,34.62084,-112.44848,-0.59,-78.604,-83.688,-87.359,-87.216,-87.224,-87.228,-87.048,-87.194,-87.234,-87.388,-87.686,-87.516,-87.465,-87.576,-87.382,-87.357,-87.509,-87.252,-87.349,-87.681
1148779024.0,34.62084,-112.44848,-0.52,-78.643,-83.783,-87.432,-87.565,-87.724,-87.244,-87.084,-87.62,-87.641,-87.396,-87.171,-87.044,-87.307,-87.632,-87.336,-87.399,-87.539,-87.439,-86.986,-86.978
1148779026.0,34.62084,-112.44848,-0.3,-78.732,-83.87,-87.417,-87.374,-87.367,-87.596,-87.639,-87.362,-87.18,-87.116,-87.223,-87.236,-87.465,-87.212,-86.977,-86.945,-87.154,-87.8,-87.437,-87.312
1148779029.0,34.62084,-112.44848,-0.23,-78.334,-83.662,-87.502,-87.557,-87.435,-87.323,-87.294,-87.521,-87.294,-87.253,-87.319,-87.695,-87.579,-87.389,-87.41,-87.12,-87.341,-87.486,-87.424,-87.453
1148779031.0,34.62084,-112.44848,-0.25,-79.073,-83.924,-87.12,-87.247,-87.434,-87.207,-87.21,-87.289,-87.185,-87.592,-87.526,-87.476,-87.244,-87.052,-87.165,-87.084,-86.996,-87.321,-87.553,-87.56
1148779033.0,34.62084,-112.44848,-0.27,-78.684,-83.873,-87.382,-87.285,-87.257,-87.294,-87.587,-87.563,-87.061,-87.389,-87.22,-87.235,-87.208,-86.964,-86.58,-87.323,-87.498,-87.216,-87.38,-87.389
1148779035.0,34.62084,-112.44848,-0.36,-78.643,-83.743,-87.076,-87.153,-87.45,-87.641,-87.284,-87.136,-87.481,-87.746,-87.405,-87.232,-87.266,-87.566,-87.556,-87.204,-87.391,-87.593,-87.402,-87.49
1148779038.0,34.62084,-112.44848,-0.36,-79.135,-83.991,-87.147,-87.306,-87.272,-87.215,-87.232,-87.404,-87.372,-87.204,-87.199,-87.431,-87.396,-87.282,-87.328,-87.684,-87.649,-87.583,-87.468,-87.687
1148779040.0,34.62084,-112.44848,-0.52,-78.746,-83.826,-87.436,-87.392,-87.426,-87.294,-87.01,-87.335,-87.446,-87.451,-87.509,-87.381,-87.539,-87.513,-87.693,-87.913,-87.368,-87.512,-87.31,-87.581
1148779042.0,-1,-1,-1,-1,-1,-1,-1,-1,-1,-1,-1,-1,-1,-1,-1,-1,-1,-1,-1,-1,-1,-1,-1
1148779044.0,34.62084,-112.44848,-0.73,-78.174,-83.457,-87.456,-87.279,-87.34,-87.391,-87.324,-87.152,-87.052,-87.381,-87.403,-87.255,-87.267,-87.143,-86.915,-87.162,-87.545,-87.38,-87.431,-87.398
1148779047.0,34.62084,-112.44848,-0.47,-78.185,-83.491,-87.427,-87.322,-87.181,-87.604,-87.544,-87.37,-87.305,-87.402,-87.434,-87.334,-87.047,-87.302,-87.214,-87.739,-87.762,-87.389,-87.25,-87.136
1148779049.0,-1,-1,-1,-1,-1,-1,-1,-1,-1,-1,-1,-1,-1,-1,-1,-1,-1,-1,-1,-1,-1,-1,-1
1148779051.0,34.62084,-112.44848,-0.41,-77.824,-83.332,-87.477,-87.239,-87.159,-87.104,-87.594,-87.322,-87.243,-87.148,-87.055,-87.438,-87.526,-87.402,-87.259,-87.162,-87.293,-87.235,-86.987,-87.078
1148779053.0,-1,-1,-1,-1,-1,-1,-1,-1,-1,-1,-1,-1,-1,-1,-1,-1,-1,-1,-1,-1,-1,-1,-1
1148779055.0,34.62084,-112.44848,-0.42,-77.188,-82.802,-87.295,-87.433,-87.478,-87.304,-87.253,-87.191,-87.316,-87.324,-87.392,-87.514,-87.443,-87.196,-87.408,-87.587,-87.761,-87.832,-87.402,-87.416
1148779058.0,-1,-1,-1,-1,-1,-1,-1,-1,-1,-1,-1,-1,-1,-1,-1,-1,-1,-1,-1,-1,-1,-1,-1
1148779060.0,34.62084,-112.44848,-0.39,-74.648,-80.859,-87.255,-87.16,-87.288,-87.379,-87.495,-87.872,-87.624,-87.538,-87.278,-87.128,-87.154,-87.184,-87.275,-87.305,-87.538,-87.468,-87.313,-87.404
1148779062.0,-1,-1,-1,-1,-1,-1,-1,-1,-1,-1,-1,-1,-1,-1,-1,-1,-1,-1,-1,-1,-1,-1,-1
1148779064.0,34.62084,-112.44848,-0.48,-74.086,-80.353,-86.884,-87.248,-87.328,-87.388,-87.186,-87.304,-87.601,-87.458,-87.517,-87.385,-87.454,-87.342,-87.309,-87.506,-87.558,-87.436,-87.42,-87.207
1148779067.0,-1,-1,-1,-1,-1,-1,-1,-1,-1,-1,-1,-1,-1,-1,-1,-1,-1,-1,-1,-1,-1,-1,-1
1148779069.0,34.62084,-112.44848,-0.65,-73.625,-79.938,-87.413,-87.478,-87.455,-87.201,-87.04,-87.249,-87.36,-87.42,-87.389,-87.143,-86.975,-87.23,-87.136,-87.378,-87.417,-87.368,-87.431,-87.485
1148779071.0,34.62084,-112.44848,-0.66,-77.416,-82.921,-87.245,-87.206,-87.532,-87.725,-87.606,-87.506,-87.591,-87.638,-87.201,-87.106,-87.259,-87.302,-87.317,-87.065,-87.345,-87.589,-87.436,-87.446
1148779073.0,34.62084,-112.44848,-0.45,-71.681,-78.278,-87.499,-87.367,-87.122,-86.901,-87.192,-87.295,-87.315,-87.045,-87.156,-87.156,-87.303,-87.274,-87.055,-87.413,-87.563,-87.45,-87.463,-87.496
1148779076.0,34.62083,-112.44846,0.08,-74.637,-80.821,-87.0,-87.256,-87.522,-87.428,-87.311,-87.236,-87.086,-87.23,-87.561,-87.597,-87.558,-87.55,-87.364,-87.426,-87.583,-87.536,-87.591,-87.746
1148779078.0,34.62081,-112.44846,0.25,-72.181,-78.709,-87.205,-86.928,-86.962,-87.428,-87.519,-87.481,-87.525,-87.267,-87.635,-87.592,-87.433,-87.384,-87.741,-87.692,-87.596,-87.558,-87.365,-87.378
1148779080.0,34.62079,-112.44845,0.3,-76.508,-82.279,-87.452,-87.305,-87.508,-87.459,-87.363,-87.438,-87.157,-87.107,-87.549,-87.375,-87.596,-87.657,-87.497,-87.345,-87.533,-87.507,-87.547,-87.724
1148779082.0,34.62077,-112.44844,0.3,-71.154,-77.794,-87.505,-87.285,-87.148,-87.405,-87.549,-87.547,-87.418,-87.509,-87.298,-87.383,-87.171,-87.298,-87.341,-87.624,-87.405,-87.438,-87.403,-87.56
1148779085.0,-1,-1,-1,-1,-1,-1,-1,-1,-1,-1,-1,-1,-1,-1,-1,-1,-1,-1,-1,-1,-1,-1,-1
1148779087.0,-1,-1,-1,-1,-1,-1,-1,-1,-1,-1,-1,-1,-1,-1,-1,-1,-1,-1,-1,-1,-1,-1,-1
1148779089.0,34.62071,-112.44847,0.72,-65.859,-72.762,-87.403,-87.583,-87.443,-87.559,-87.342,-87.07,-87.217,-87.383,-86.774,-86.531,-86.876,-86.791,-86.726,-87.193,-87.475,-87.538,-87.585,-87.757
1148779091.0,34.62069,-112.44847,1.31,-76.483,-82.244,-87.26,-87.238,-87.153,-87.032,-87.314,-87.373,-87.424,-87.445,-87.127,-86.74,-86.697,-86.952,-86.909,-87.183,-87.496,-87.642,-87.636,-87.478
1148779094.0,-1,-1,-1,-1,-1,-1,-1,-1,-1,-1,-1,-1,-1,-1,-1,-1,-1,-1,-1,-1,-1,-1,-1
1148779096.0,34.62069,-112.44847,0.33,-75.864,-81.788,-87.246,-87.399,-87.565,-87.469,-87.375,-87.398,-87.39,-87.484,-87.503,-87.517,-87.609,-87.384,-87.19,-87.446,-87.524,-87.315,-87.421,-87.216
1148779098.0,34.62069,-112.44847,0.2,-77.554,-82.978,-87.401,-87.475,-87.209,-87.153,-87.174,-87.178,-87.281,-87.19,-87.137,-86.88,-86.812,-86.762,-87.009,-87.287,-87.462,-87.661,-87.536,-87.413
1148779100.0,-1,-1,-1,-1,-1,-1,-1,-1,-1,-1,-1,-1,-1,-1,-1,-1,-1,-1,-1,-1,-1,-1,-1
1148779103.0,-1,-1,-1,-1,-1,-1,-1,-1,-1,-1,-1,-1,-1,-1,-1,-1,-1,-1,-1,-1,-1,-1,-1
1148779105.0,34.62069,-112.44847,0.19,-75.909,-81.773,-87.172,-87.486,-87.425,-87.239,-87.339,-87.386,-87.59,-87.422,-87.39,-87.304,-86.979,-87.377,-87.622,-87.349,-87.083,-86.961,-87.314,-87.47
1148779107.0,-1,-1,-1,-1,-1,-1,-1,-1,-1,-1,-1,-1,-1,-1,-1,-1,-1,-1,-1,-1,-1,-1,-1
1148779109.0,34.62069,-112.44847,0.06,-75.348,-81.306,-87.218,-87.328,-87.235,-87.05,-87.171,-87.458,-87.065,-87.254,-87.151,-87.159,-87.236,-87.254,-87.176,-87.104,-87.302,-87.592,-87.58,-87.365
1148779112.0,-1,-1,-1,-1,-1,-1,-1,-1,-1,-1,-1,-1,-1,-1,-1,-1,-1,-1,-1,-1,-1,-1,-1
1148779114.0,-1,-1,-1,-1,-1,-1,-1,-1,-1,-1,-1,-1,-1,-1,-1,-1,-1,-1,-1,-1,-1,-1,-1
1148779116.0,-1,-1,-1,-1,-1,-1,-1,-1,-1,-1,-1,-1,-1,-1,-1,-1,-1,-1,-1,-1,-1,-1,-1
1148779118.0,-1,-1,-1,-1,-1,-1,-1,-1,-1,-1,-1,-1,-1,-1,-1,-1,-1,-1,-1,-1,-1,-1,-1
1148779121.0,34.62069,-112.44847,-0.09,-75.285,-81.258,-86.95,-87.06,-87.241,-87.125,-87.522,-87.194,-87.014,-87.188,-87.138,-87.201,-87.145,-87.303,-87.703,-87.677,-87.527,-87.279,-87.494,-87.367
1148779123.0,-1,-1,-1,-1,-1,-1,-1,-1,-1,-1,-1,-1,-1,-1,-1,-1,-1,-1,-1,-1,-1,-1,-1
1148779125.0,34.62069,-112.44847,0.36,-76.481,-82.267,-87.234,-87.45,-87.484,-87.309,-87.201,-87.364,-87.354,-87.219,-87.197,-86.882,-87.009,-87.267,-87.399,-87.444,-87.19,-87.396,-87.802,-87.459
1148779127.0,-1,-1,-1,-1,-1,-1,-1,-1,-1,-1,-1,-1,-1,-1,-1,-1,-1,-1,-1,-1,-1,-1,-1
1148779130.0,34.62069,-112.44846,0.13,-75.334,-81.35,-87.242,-87.24,-87.097,-87.345,-87.278,-87.214,-87.392,-87.282,-87.718,-87.822,-87.38,-87.513,-87.61,-87.747,-87.51,-87.427,-87.37,-87.393
1148779132.0,34.62069,-112.44846,-0.15,-75.585,-81.653,-87.576,-87.205,-87.265,-87.291,-87.203,-87.198,-87.273,-87.5,-87.329,-87.013,-87.472,-87.471,-87.217,-87.578,-87.467,-87.566,-87.626,-87.406
1148779134.0,34.62069,-112.44847,-0.33,-75.645,-81.659,-87.212,-87.099,-87.297,-87.257,-87.314,-86.984,-87.285,-87.236,-86.828,-87.038,-87.104,-87.417,-87.352,-87.579,-87.688,-87.362,-87.353,-87.466
1148779136.0,34.62069,-112.44847,-0.42,-75.181,-81.205,-86.987,-87.086,-87.172,-87.171,-87.403,-87.494,-87.428,-87.177,-87.439,-87.572,-87.48,-87.273,-87.159,-86.972,-86.993,-87.147,-87.529,-87.446
1148779138.0,-1,-1,-1,-1,-1,-1,-1,-1,-1,-1,-1,-1,-1,-1,-1,-1,-1,-1,-1,-1,-1,-1,-1
1148779141.0,-1,-1,-1,-1,-1,-1,-1,-1,-1,-1,-1,-1,-1,-1,-1,-1,-1,-1,-1,-1,-1,-1,-1
1148779143.0,34.6207,-112.44847,0.05,-76.551,-82.281,-87.524,-87.398,-87.102,-87.129,-87.305,-87.53,-87.522,-87.302,-86.994,-87.262,-87.286,-87.256,-87.531,-87.231,-87.316,-87.473,-87.417,-87.645
1148779145.0,34.6207,-112.44847,0.01,-75.627,-81.517,-86.996,-87.16,-87.631,-87.575,-87.505,-87.321,-87.116,-87.283,-87.301,-87.429,-87.145,-87.311,-87.62,-87.809,-87.556,-87.575,-87.501,-87.269
1148779147.0,-1,-1,-1,-1,-1,-1,-1,-1,-1,-1,-1,-1,-1,-1,-1,-1,-1,-1,-1,-1,-1,-1,-1
1148779150.0,34.6207,-112.44847,-0.35,-77.299,-82.881,-87.468,-87.262,-87.301,-87.075,-87.05,-87.459,-87.553,-87.415,-87.46,-87.139,-86.987,-87.119,-87.274,-87.528,-87.334,-87.387,-87.259,-87.409
1148779152.0,34.6207,-112.44847,-0.4,-78.049,-83.268,-87.017,-86.791,-87.229,-87.552,-87.278,-87.504,-87.462,-87.317,-87.35,-87.207,-87.394,-87.604,-87.503,-87.253,-87.16,-87.195,-87.315,-87.418
1148779154.0,34.6207,-112.44847,0.1,-82.857,-85.849,-87.624,-87.104,-87.258,-87.044,-87.328,-87.527,-87.395,-87.148,-87.353,-87.078,-86.949,-87.024,-87.02,-87.456,-87.678,-87.447,-87.776,-87.749
1148779156.0,34.6207,-112.44847,0.44,-77.543,-82.933,-87.13,-87.271,-87.142,-86.909,-87.22,-87.459,-87.314,-87.084,-86.845,-87.269,-87.22,-86.97,-87.202,-87.468,-87.296,-87.53,-87.429,-87.314
1148779159.0,34.6207,-112.44847,0.19,-78.759,-83.603,-87.081,-87.336,-87.177,-87.159,-87.173,-87.442,-87.455,-87.18,-86.902,-87.063,-87.224,-87.458,-87.784,-87.707,-87.239,-87.036,-87.109,-87.462
1148779161.0,-1,-1,-1,-1,-1,-1,-1,-1,-1,-1,-1,-1,-1,-1,-1,-1,-1,-1,-1,-1,-1,-1,-1
1148779163.0,34.6207,-112.44847,-0.17,-75.382,-81.403,-86.988,-87.257,-87.457,-87.519,-87.217,-87.457,-87.389,-87.157,-87.095,-86.99,-86.969,-87.075,-87.224,-87.471,-87.127,-87.429,-87.625,-87.536
1148779165.0,34.6207,-112.44847,0.0,-75.43,-81.368,-87.095,-87.175,-87.261,-87.2,-87.193,-87.193,-87.22,-87.117,-87.267,-86.989,-87.261,-87.338,-86.897,-86.994,-87.344,-87.494,-87.615,-87.412
1148779168.0,-1,-1,-1,-1,-1,-1,-1,-1,-1,-1,-1,-1,-1,-1,-1,-1,-1,-1,-1,-1,-1,-1,-1
1148779170.0,34.6207,-112.44847,-0.2,-77.249,-82.841,-87.523,-87.04,-87.111,-87.646,-87.56,-87.652,-87.464,-87.023,-87.215,-87.202,-87.137,-87.611,-87.49,-87.153,-87.138,-87.693,-87.229,-87.117
1148779172.0,-1,-1,-1,-1,-1,-1,-1,-1,-1,-1,-1,-1,-1,-1,-1,-1,-1,-1,-1,-1,-1,-1,-1
1148779174.0,34.6207,-112.44847,-0.12,-75.833,-81.722,-87.165,-87.156,-86.947,-87.118,-87.162,-87.156,-87.543,-86.981,-86.964,-87.354,-87.384,-87.585,-87.911,-87.568,-87.298,-87.442,-87.448,-87.401
1148779176.0,34.6207,-112.44847,0.0,-75.551,-81.461,-86.958,-87.032,-87.273,-87.414,-87.433,-87.619,-87.539,-87.701,-87.271,-87.529,-87.349,-87.417,-87.16,-87.314,-87.029,-87.343,-87.554,-87.626
1148779179.0,-1,-1,-1,-1,-1,-1,-1,-1,-1,-1,-1,-1,-1,-1,-1,-1,-1,-1,-1,-1,-1,-1,-1
1148779181.0,-1,-1,-1,-1,-1,-1,-1,-1,-1,-1,-1,-1,-1,-1,-1,-1,-1,-1,-1,-1,-1,-1,-1
1148779183.0,-1,-1,-1,-1,-1,-1,-1,-1,-1,-1,-1,-1,-1,-1,-1,-1,-1,-1,-1,-1,-1,-1,-1
1148779185.0,-1,-1,-1,-1,-1,-1,-1,-1,-1,-1,-1,-1,-1,-1,-1,-1,-1,-1,-1,-1,-1,-1,-1
1148779188.0,-1,-1,-1,-1,-1,-1,-1,-1,-1,-1,-1,-1,-1,-1,-1,-1,-1,-1,-1,-1,-1,-1,-1
1148779190.0,-1,-1,-1,-1,-1,-1,-1,-1,-1,-1,-1,-1,-1,-1,-1,-1,-1,-1,-1,-1,-1,-1,-1
1148779192.0,-1,-1,-1,-1,-1,-1,-1,-1,-1,-1,-1,-1,-1,-1,-1,-1,-1,-1,-1,-1,-1,-1,-1
1148779194.0,-1,-1,-1,-1,-1,-1,-1,-1,-1,-1,-1,-1,-1,-1,-1,-1,-1,-1,-1,-1,-1,-1,-1
1148779196.0,-1,-1,-1,-1,-1,-1,-1,-1,-1,-1,-1,-1,-1,-1,-1,-1,-1,-1,-1,-1,-1,-1,-1
1148779199.0,-1,-1,-1,-1,-1,-1,-1,-1,-1,-1,-1,-1,-1,-1,-1,-1,-1,-1,-1,-1,-1,-1,-1
1148779201.0,-1,-1,-1,-1,-1,-1,-1,-1,-1,-1,-1,-1,-1,-1,-1,-1,-1,-1,-1,-1,-1,-1,-1
1148779203.0,-1,-1,-1,-1,-1,-1,-1,-1,-1,-1,-1,-1,-1,-1,-1,-1,-1,-1,-1,-1,-1,-1,-1
1148779205.0,-1,-1,-1,-1,-1,-1,-1,-1,-1,-1,-1,-1,-1,-1,-1,-1,-1,-1,-1,-1,-1,-1,-1
1148779207.0,-1,-1,-1,-1,-1,-1,-1,-1,-1,-1,-1,-1,-1,-1,-1,-1,-1,-1,-1,-1,-1,-1,-1
1148779210.0,-1,-1,-1,-1,-1,-1,-1,-1,-1,-1,-1,-1,-1,-1,-1,-1,-1,-1,-1,-1,-1,-1,-1
1148779212.0,-1,-1,-1,-1,-1,-1,-1,-1,-1,-1,-1,-1,-1,-1,-1,-1,-1,-1,-1,-1,-1,-1,-1
1148779214.0,-1,-1,-1,-1,-1,-1,-1,-1,-1,-1,-1,-1,-1,-1,-1,-1,-1,-1,-1,-1,-1,-1,-1
1148779216.0,-1,-1,-1,-1,-1,-1,-1,-1,-1,-1,-1,-1,-1,-1,-1,-1,-1,-1,-1,-1,-1,-1,-1
1148779218.0,-1,-1,-1,-1,-1,-1,-1,-1,-1,-1,-1,-1,-1,-1,-1,-1,-1,-1,-1,-1,-1,-1,-1
1148779221.0,-1,-1,-1,-1,-1,-1,-1,-1,-1,-1,-1,-1,-1,-1,-1,-1,-1,-1,-1,-1,-1,-1,-1
1148779223.0,-1,-1,-1,-1,-1,-1,-1,-1,-1,-1,-1,-1,-1,-1,-1,-1,-1,-1,-1,-1,-1,-1,-1
1148779225.0,-1,-1,-1,-1,-1,-1,-1,-1,-1,-1,-1,-1,-1,-1,-1,-1,-1,-1,-1,-1,-1,-1,-1
1148779227.0,-1,-1,-1,-1,-1,-1,-1,-1,-1,-1,-1,-1,-1,-1,-1,-1,-1,-1,-1,-1,-1,-1,-1
1148779229.0,-1,-1,-1,-1,-1,-1,-1,-1,-1,-1,-1,-1,-1,-1,-1,-1,-1,-1,-1,-1,-1,-1,-1
1148779232.0,-1,-1,-1,-1,-1,-1,-1,-1,-1,-1,-1,-1,-1,-1,-1,-1,-1,-1,-1,-1,-1,-1,-1
1148779234.0,-1,-1,-1,-1,-1,-1,-1,-1,-1,-1,-1,-1,-1,-1,-1,-1,-1,-1,-1,-1,-1,-1,-1
1148779236.0,-1,-1,-1,-1,-1,-1,-1,-1,-1,-1,-1,-1,-1,-1,-1,-1,-1,-1,-1,-1,-1,-1,-1
1148779238.0,-1,-1,-1,-1,-1,-1,-1,-1,-1,-1,-1,-1,-1,-1,-1,-1,-1,-1,-1,-1,-1,-1,-1
1148779240.0,-1,-1,-1,-1,-1,-1,-1,-1,-1,-1,-1,-1,-1,-1,-1,-1,-1,-1,-1,-1,-1,-1,-1
1148779243.0,34.62069,-112.44845,-0.2,-75.646,-81.616,-87.018,-87.045,-87.18,-87.262,-87.369,-87.257,-87.588,-87.711,-87.793,-87.635,-87.362,-86.985,-87.149,-87.398,-87.528,-87.692,-87.644,-87.438
1148779245.0,34.62069,-112.44845,-0.25,-78.038,-83.298,-87.247,-87.202,-87.396,-87.335,-87.13,-87.275,-87.194,-87.232,-87.355,-87.014,-87.046,-87.477,-87.589,-87.536,-87.431,-87.546,-87.528,-87.589
1148779247.0,34.62069,-112.44845,-0.42,-80.569,-84.878,-87.281,-87.447,-87.282,-87.253,-87.406,-87.23,-87.533,-87.513,-87.201,-87.204,-87.243,-87.006,-87.399,-87.151,-87.282,-87.331,-87.446,-87.622
1148779249.0,34.62069,-112.44845,-0.44,-79.565,-84.257,-86.898,-87.379,-87.411,-87.371,-87.344,-87.374,-87.546,-87.23,-86.717,-87.066,-87.259,-86.936,-87.112,-87.188,-87.573,-87.601,-87.312,-87.435
1148779252.0,34.62069,-112.44845,-0.32,-75.568,-81.523,-87.155,-87.229,-87.353,-87.237,-87.285,-87.264,-87.409,-87.297,-87.489,-87.648,-87.545,-87.365,-87.272,-87.505,-87.522,-87.478,-87.499,-87.39
1148779254.0,-1,-1,-1,-1,-1,-1,-1,-1,-1,-1,-1,-1,-1,-1,-1,-1,-1,-1,-1,-1,-1,-1,-1
1148779256.0,-1,-1,-1,-1,-1,-1,-1,-1,-1,-1,-1,-1,-1,-1,-1,-1,-1,-1,-1,-1,-1,-1,-1
1148779258.0,-1,-1,-1,-1,-1,-1,-1,-1,-1,-1,-1,-1,-1,-1,-1,-1,-1,-1,-1,-1,-1,-1,-1
1148779260.0,-1,-1,-1,-1,-1,-1,-1,-1,-1,-1,-1,-1,-1,-1,-1,-1,-1,-1,-1,-1,-1,-1,-1
1148779263.0,-1,-1,-1,-1,-1,-1,-1,-1,-1,-1,-1,-1,-1,-1,-1,-1,-1,-1,-1,-1,-1,-1,-1
1148779265.0,-1,-1,-1,-1,-1,-1,-1,-1,-1,-1,-1,-1,-1,-1,-1,-1,-1,-1,-1,-1,-1,-1,-1
1148779267.0,-1,-1,-1,-1,-1,-1,-1,-1,-1,-1,-1,-1,-1,-1,-1,-1,-1,-1,-1,-1,-1,-1,-1
1148779269.0,-1,-1,-1,-1,-1,-1,-1,-1,-1,-1,-1,-1,-1,-1,-1,-1,-1,-1,-1,-1,-1,-1,-1
1148779271.0,-1,-1,-1,-1,-1,-1,-1,-1,-1,-1,-1,-1,-1,-1,-1,-1,-1,-1,-1,-1,-1,-1,-1
1148779274.0,-1,-1,-1,-1,-1,-1,-1,-1,-1,-1,-1,-1,-1,-1,-1,-1,-1,-1,-1,-1,-1,-1,-1
1148779276.0,-1,-1,-1,-1,-1,-1,-1,-1,-1,-1,-1,-1,-1,-1,-1,-1,-1,-1,-1,-1,-1,-1,-1
1148779278.0,-1,-1,-1,-1,-1,-1,-1,-1,-1,-1,-1,-1,-1,-1,-1,-1,-1,-1,-1,-1,-1,-1,-1
1148779280.0,-1,-1,-1,-1,-1,-1,-1,-1,-1,-1,-1,-1,-1,-1,-1,-1,-1,-1,-1,-1,-1,-1,-1
1148779282.0,-1,-1,-1,-1,-1,-1,-1,-1,-1,-1,-1,-1,-1,-1,-1,-1,-1,-1,-1,-1,-1,-1,-1
1148779285.0,-1,-1,-1,-1,-1,-1,-1,-1,-1,-1,-1,-1,-1,-1,-1,-1,-1,-1,-1,-1,-1,-1,-1
1148779287.0,-1,-1,-1,-1,-1,-1,-1,-1,-1,-1,-1,-1,-1,-1,-1,-1,-1,-1,-1,-1,-1,-1,-1
1148779289.0,-1,-1,-1,-1,-1,-1,-1,-1,-1,-1,-1,-1,-1,-1,-1,-1,-1,-1,-1,-1,-1,-1,-1
1148779291.0,-1,-1,-1,-1,-1,-1,-1,-1,-1,-1,-1,-1,-1,-1,-1,-1,-1,-1,-1,-1,-1,-1,-1
1148779294.0,-1,-1,-1,-1,-1,-1,-1,-1,-1,-1,-1,-1,-1,-1,-1,-1,-1,-1,-1,-1,-1,-1,-1
1148779296.0,-1,-1,-1,-1,-1,-1,-1,-1,-1,-1,-1,-1,-1,-1,-1,-1,-1,-1,-1,-1,-1,-1,-1
1148779298.0,-1,-1,-1,-1,-1,-1,-1,-1,-1,-1,-1,-1,-1,-1,-1,-1,-1,-1,-1,-1,-1,-1,-1
1148779300.0,-1,-1,-1,-1,-1,-1,-1,-1,-1,-1,-1,-1,-1,-1,-1,-1,-1,-1,-1,-1,-1,-1,-1
1148779302.0,-1,-1,-1,-1,-1,-1,-1,-1,-1,-1,-1,-1,-1,-1,-1,-1,-1,-1,-1,-1,-1,-1,-1
1148779305.0,-1,-1,-1,-1,-1,-1,-1,-1,-1,-1,-1,-1,-1,-1,-1,-1,-1,-1,-1,-1,-1,-1,-1
1148779307.0,-1,-1,-1,-1,-1,-1,-1,-1,-1,-1,-1,-1,-1,-1,-1,-1,-1,-1,-1,-1,-1,-1,-1
1148779309.0,-1,-1,-1,-1,-1,-1,-1,-1,-1,-1,-1,-1,-1,-1,-1,-1,-1,-1,-1,-1,-1,-1,-1
1148779311.0,-1,-1,-1,-1,-1,-1,-1,-1,-1,-1,-1,-1,-1,-1,-1,-1,-1,-1,-1,-1,-1,-1,-1
1148779313.0,-1,-1,-1,-1,-1,-1,-1,-1,-1,-1,-1,-1,-1,-1,-1,-1,-1,-1,-1,-1,-1,-1,-1
1148779316.0,-1,-1,-1,-1,-1,-1,-1,-1,-1,-1,-1,-1,-1,-1,-1,-1,-1,-1,-1,-1,-1,-1,-1
1148779318.0,-1,-1,-1,-1,-1,-1,-1,-1,-1,-1,-1,-1,-1,-1,-1,-1,-1,-1,-1,-1,-1,-1,-1
1148779320.0,-1,-1,-1,-1,-1,-1,-1,-1,-1,-1,-1,-1,-1,-1,-1,-1,-1,-1,-1,-1,-1,-1,-1
1148779322.0,-1,-1,-1,-1,-1,-1,-1,-1,-1,-1,-1,-1,-1,-1,-1,-1,-1,-1,-1,-1,-1,-1,-1
1148779324.0,-1,-1,-1,-1,-1,-1,-1,-1,-1,-1,-1,-1,-1,-1,-1,-1,-1,-1,-1,-1,-1,-1,-1
1148779327.0,-1,-1,-1,-1,-1,-1,-1,-1,-1,-1,-1,-1,-1,-1,-1,-1,-1,-1,-1,-1,-1,-1,-1
1148779329.0,-1,-1,-1,-1,-1,-1,-1,-1,-1,-1,-1,-1,-1,-1,-1,-1,-1,-1,-1,-1,-1,-1,-1
1148779331.0,-1,-1,-1,-1,-1,-1,-1,-1,-1,-1,-1,-1,-1,-1,-1,-1,-1,-1,-1,-1,-1,-1,-1
1148779333.0,-1,-1,-1,-1,-1,-1,-1,-1,-1,-1,-1,-1,-1,-1,-1,-1,-1,-1,-1,-1,-1,-1,-1
1148779335.0,-1,-1,-1,-1,-1,-1,-1,-1,-1,-1,-1,-1,-1,-1,-1,-1,-1,-1,-1,-1,-1,-1,-1
1148779338.0,-1,-1,-1,-1,-1,-1,-1,-1,-1,-1,-1,-1,-1,-1,-1,-1,-1,-1,-1,-1,-1,-1,-1
1148779340.0,-1,-1,-1,-1,-1,-1,-1,-1,-1,-1,-1,-1,-1,-1,-1,-1,-1,-1,-1,-1,-1,-1,-1
1148779342.0,-1,-1,-1,-1,-1,-1,-1,-1,-1,-1,-1,-1,-1,-1,-1,-1,-1,-1,-1,-1,-1,-1,-1
1148779344.0,-1,-1,-1,-1,-1,-1,-1,-1,-1,-1,-1,-1,-1,-1,-1,-1,-1,-1,-1,-1,-1,-1,-1
1148779347.0,34.6207,-112.44848,-0.65,-75.959,-81.77,-87.194,-87.376,-87.448,-87.19,-87.257,-87.19,-87.316,-87.341,-87.511,-87.351,-87.164,-87.37,-87.376,-87.387,-87.706,-87.56,-87.74,-87.703
1148779349.0,-1,-1,-1,-1,-1,-1,-1,-1,-1,-1,-1,-1,-1,-1,-1,-1,-1,-1,-1,-1,-1,-1,-1
1148779351.0,-1,-1,-1,-1,-1,-1,-1,-1,-1,-1,-1,-1,-1,-1,-1,-1,-1,-1,-1,-1,-1,-1,-1
1148779353.0,-1,-1,-1,-1,-1,-1,-1,-1,-1,-1,-1,-1,-1,-1,-1,-1,-1,-1,-1,-1,-1,-1,-1
1148779355.0,34.62069,-112.44848,-0.67,-75.76,-81.657,-87.249,-87.324,-87.301,-87.341,-87.442,-87.356,-87.27,-87.232,-87.138,-87.037,-87.479,-87.727,-87.589,-87.591,-87.764,-87.323,-87.347,-87.345
1148779358.0,34.62069,-112.44848,-0.74,-75.817,-81.781,-87.472,-87.2,-86.941,-87.286,-87.528,-87.532,-87.68,-87.436,-87.393,-87.217,-87.304,-87.379,-87.521,-87.447,-87.776,-87.702,-87.222,-87.24
1148779360.0,34.62069,-112.44847,-0.82,-76.179,-82.097,-87.569,-87.284,-87.368,-87.58,-87.382,-87.276,-87.338,-87.265,-87.323,-87.178,-87.355,-87.401,-87.487,-87.525,-87.435,-87.347,-87.312,-87.476
1148779362.0,34.62069,-112.44847,-0.82,-77.684,-83.101,-87.129,-87.213,-87.109,-87.337,-87.593,-87.174,-87.21,-87.166,-87.368,-87.234,-87.331,-87.204,-87.366,-87.195,-87.382,-87.174,-87.532,-87.533
1148779364.0,34.62069,-112.44847,-0.81,-73.997,-80.19,-87.1,-87.145,-86.983,-87.035,-87.313,-87.035,-86.941,-87.297,-87.215,-87.566,-87.522,-87.598,-87.309,-87.24,-87.313,-87.657,-87.628,-87.887
1148779366.0,-1,-1,-1,-1,-1,-1,-1,-1,-1,-1,-1,-1,-1,-1,-1,-1,-1,-1,-1,-1,-1,-1,-1
1148779369.0,-1,-1,-1,-1,-1,-1,-1,-1,-1,-1,-1,-1,-1,-1,-1,-1,-1,-1,-1,-1,-1,-1,-1
1148779371.0,-1,-1,-1,-1,-1,-1,-1,-1,-1,-1,-1,-1,-1,-1,-1,-1,-1,-1,-1,-1,-1,-1,-1
1148779373.0,-1,-1,-1,-1,-1,-1,-1,-1,-1,-1,-1,-1,-1,-1,-1,-1,-1,-1,-1,-1,-1,-1,-1
1148779375.0,-1,-1,-1,-1,-1,-1,-1,-1,-1,-1,-1,-1,-1,-1,-1,-1,-1,-1,-1,-1,-1,-1,-1
1148779377.0,-1,-1,-1,-1,-1,-1,-1,-1,-1,-1,-1,-1,-1,-1,-1,-1,-1,-1,-1,-1,-1,-1,-1
1148779380.0,-1,-1,-1,-1,-1,-1,-1,-1,-1,-1,-1,-1,-1,-1,-1,-1,-1,-1,-1,-1,-1,-1,-1
1148779382.0,-1,-1,-1,-1,-1,-1,-1,-1,-1,-1,-1,-1,-1,-1,-1,-1,-1,-1,-1,-1,-1,-1,-1
1148779384.0,-1,-1,-1,-1,-1,-1,-1,-1,-1,-1,-1,-1,-1,-1,-1,-1,-1,-1,-1,-1,-1,-1,-1
1148779386.0,-1,-1,-1,-1,-1,-1,-1,-1,-1,-1,-1,-1,-1,-1,-1,-1,-1,-1,-1,-1,-1,-1,-1
1148779389.0,-1,-1,-1,-1,-1,-1,-1,-1,-1,-1,-1,-1,-1,-1,-1,-1,-1,-1,-1,-1,-1,-1,-1
1148779391.0,-1,-1,-1,-1,-1,-1,-1,-1,-1,-1,-1,-1,-1,-1,-1,-1,-1,-1,-1,-1,-1,-1,-1
1148779393.0,-1,-1,-1,-1,-1,-1,-1,-1,-1,-1,-1,-1,-1,-1,-1,-1,-1,-1,-1,-1,-1,-1,-1
1148779395.0,-1,-1,-1,-1,-1,-1,-1,-1,-1,-1,-1,-1,-1,-1,-1,-1,-1,-1,-1,-1,-1,-1,-1
1148779397.0,-1,-1,-1,-1,-1,-1,-1,-1,-1,-1,-1,-1,-1,-1,-1,-1,-1,-1,-1,-1,-1,-1,-1
1148779400.0,-1,-1,-1,-1,-1,-1,-1,-1,-1,-1,-1,-1,-1,-1,-1,-1,-1,-1,-1,-1,-1,-1,-1
1148779402.0,-1,-1,-1,-1,-1,-1,-1,-1,-1,-1,-1,-1,-1,-1,-1,-1,-1,-1,-1,-1,-1,-1,-1
1148779404.0,-1,-1,-1,-1,-1,-1,-1,-1,-1,-1,-1,-1,-1,-1,-1,-1,-1,-1,-1,-1,-1,-1,-1
1148779406.0,-1,-1,-1,-1,-1,-1,-1,-1,-1,-1,-1,-1,-1,-1,-1,-1,-1,-1,-1,-1,-1,-1,-1
1148779408.0,-1,-1,-1,-1,-1,-1,-1,-1,-1,-1,-1,-1,-1,-1,-1,-1,-1,-1,-1,-1,-1,-1,-1
1148779411.0,-1,-1,-1,-1,-1,-1,-1,-1,-1,-1,-1,-1,-1,-1,-1,-1,-1,-1,-1,-1,-1,-1,-1
1148779413.0,-1,-1,-1,-1,-1,-1,-1,-1,-1,-1,-1,-1,-1,-1,-1,-1,-1,-1,-1,-1,-1,-1,-1
1148779415.0,-1,-1,-1,-1,-1,-1,-1,-1,-1,-1,-1,-1,-1,-1,-1,-1,-1,-1,-1,-1,-1,-1,-1
1148779417.0,-1,-1,-1,-1,-1,-1,-1,-1,-1,-1,-1,-1,-1,-1,-1,-1,-1,-1,-1,-1,-1,-1,-1
1148779419.0,-1,-1,-1,-1,-1,-1,-1,-1,-1,-1,-1,-1,-1,-1,-1,-1,-1,-1,-1,-1,-1,-1,-1
1148779422.0,-1,-1,-1,-1,-1,-1,-1,-1,-1,-1,-1,-1,-1,-1,-1,-1,-1,-1,-1,-1,-1,-1,-1
1148779424.0,-1,-1,-1,-1,-1,-1,-1,-1,-1,-1,-1,-1,-1,-1,-1,-1,-1,-1,-1,-1,-1,-1,-1
1148779426.0,-1,-1,-1,-1,-1,-1,-1,-1,-1,-1,-1,-1,-1,-1,-1,-1,-1,-1,-1,-1,-1,-1,-1
1148779428.0,-1,-1,-1,-1,-1,-1,-1,-1,-1,-1,-1,-1,-1,-1,-1,-1,-1,-1,-1,-1,-1,-1,-1
1148779430.0,-1,-1,-1,-1,-1,-1,-1,-1,-1,-1,-1,-1,-1,-1,-1,-1,-1,-1,-1,-1,-1,-1,-1
1148779433.0,-1,-1,-1,-1,-1,-1,-1,-1,-1,-1,-1,-1,-1,-1,-1,-1,-1,-1,-1,-1,-1,-1,-1
1148779435.0,-1,-1,-1,-1,-1,-1,-1,-1,-1,-1,-1,-1,-1,-1,-1,-1,-1,-1,-1,-1,-1,-1,-1
1148779437.0,-1,-1,-1,-1,-1,-1,-1,-1,-1,-1,-1,-1,-1,-1,-1,-1,-1,-1,-1,-1,-1,-1,-1
1148779439.0,-1,-1,-1,-1,-1,-1,-1,-1,-1,-1,-1,-1,-1,-1,-1,-1,-1,-1,-1,-1,-1,-1,-1
1148779441.0,-1,-1,-1,-1,-1,-1,-1,-1,-1,-1,-1,-1,-1,-1,-1,-1,-1,-1,-1,-1,-1,-1,-1
1148779444.0,-1,-1,-1,-1,-1,-1,-1,-1,-1,-1,-1,-1,-1,-1,-1,-1,-1,-1,-1,-1,-1,-1,-1
1148779446.0,-1,-1,-1,-1,-1,-1,-1,-1,-1,-1,-1,-1,-1,-1,-1,-1,-1,-1,-1,-1,-1,-1,-1
1148779448.0,-1,-1,-1,-1,-1,-1,-1,-1,-1,-1,-1,-1,-1,-1,-1,-1,-1,-1,-1,-1,-1,-1,-1
1148779450.0,-1,-1,-1,-1,-1,-1,-1,-1,-1,-1,-1,-1,-1,-1,-1,-1,-1,-1,-1,-1,-1,-1,-1
1148779453.0,-1,-1,-1,-1,-1,-1,-1,-1,-1,-1,-1,-1,-1,-1,-1,-1,-1,-1,-1,-1,-1,-1,-1
1148779455.0,-1,-1,-1,-1,-1,-1,-1,-1,-1,-1,-1,-1,-1,-1,-1,-1,-1,-1,-1,-1,-1,-1,-1
1148779457.0,-1,-1,-1,-1,-1,-1,-1,-1,-1,-1,-1,-1,-1,-1,-1,-1,-1,-1,-1,-1,-1,-1,-1
1148779459.0,-1,-1,-1,-1,-1,-1,-1,-1,-1,-1,-1,-1,-1,-1,-1,-1,-1,-1,-1,-1,-1,-1,-1
1148779461.0,-1,-1,-1,-1,-1,-1,-1,-1,-1,-1,-1,-1,-1,-1,-1,-1,-1,-1,-1,-1,-1,-1,-1
1148779464.0,-1,-1,-1,-1,-1,-1,-1,-1,-1,-1,-1,-1,-1,-1,-1,-1,-1,-1,-1,-1,-1,-1,-1
1148779466.0,-1,-1,-1,-1,-1,-1,-1,-1,-1,-1,-1,-1,-1,-1,-1,-1,-1,-1,-1,-1,-1,-1,-1
1148779468.0,-1,-1,-1,-1,-1,-1,-1,-1,-1,-1,-1,-1,-1,-1,-1,-1,-1,-1,-1,-1,-1,-1,-1
1148779470.0,-1,-1,-1,-1,-1,-1,-1,-1,-1,-1,-1,-1,-1,-1,-1,-1,-1,-1,-1,-1,-1,-1,-1
1148779472.0,-1,-1,-1,-1,-1,-1,-1,-1,-1,-1,-1,-1,-1,-1,-1,-1,-1,-1,-1,-1,-1,-1,-1
1148779475.0,-1,-1,-1,-1,-1,-1,-1,-1,-1,-1,-1,-1,-1,-1,-1,-1,-1,-1,-1,-1,-1,-1,-1
1148779477.0,-1,-1,-1,-1,-1,-1,-1,-1,-1,-1,-1,-1,-1,-1,-1,-1,-1,-1,-1,-1,-1,-1,-1
1148779479.0,-1,-1,-1,-1,-1,-1,-1,-1,-1,-1,-1,-1,-1,-1,-1,-1,-1,-1,-1,-1,-1,-1,-1
1148779481.0,-1,-1,-1,-1,-1,-1,-1,-1,-1,-1,-1,-1,-1,-1,-1,-1,-1,-1,-1,-1,-1,-1,-1
1148779483.0,-1,-1,-1,-1,-1,-1,-1,-1,-1,-1,-1,-1,-1,-1,-1,-1,-1,-1,-1,-1,-1,-1,-1
1148779486.0,-1,-1,-1,-1,-1,-1,-1,-1,-1,-1,-1,-1,-1,-1,-1,-1,-1,-1,-1,-1,-1,-1,-1
1148779488.0,-1,-1,-1,-1,-1,-1,-1,-1,-1,-1,-1,-1,-1,-1,-1,-1,-1,-1,-1,-1,-1,-1,-1
1148779490.0,-1,-1,-1,-1,-1,-1,-1,-1,-1,-1,-1,-1,-1,-1,-1,-1,-1,-1,-1,-1,-1,-1,-1
1148779492.0,-1,-1,-1,-1,-1,-1,-1,-1,-1,-1,-1,-1,-1,-1,-1,-1,-1,-1,-1,-1,-1,-1,-1
1148779494.0,-1,-1,-1,-1,-1,-1,-1,-1,-1,-1,-1,-1,-1,-1,-1,-1,-1,-1,-1,-1,-1,-1,-1
1148779497.0,-1,-1,-1,-1,-1,-1,-1,-1,-1,-1,-1,-1,-1,-1,-1,-1,-1,-1,-1,-1,-1,-1,-1
1148779499.0,-1,-1,-1,-1,-1,-1,-1,-1,-1,-1,-1,-1,-1,-1,-1,-1,-1,-1,-1,-1,-1,-1,-1
1148779501.0,-1,-1,-1,-1,-1,-1,-1,-1,-1,-1,-1,-1,-1,-1,-1,-1,-1,-1,-1,-1,-1,-1,-1
1148779503.0,-1,-1,-1,-1,-1,-1,-1,-1,-1,-1,-1,-1,-1,-1,-1,-1,-1,-1,-1,-1,-1,-1,-1
1148779506.0,-1,-1,-1,-1,-1,-1,-1,-1,-1,-1,-1,-1,-1,-1,-1,-1,-1,-1,-1,-1,-1,-1,-1
1148779508.0,-1,-1,-1,-1,-1,-1,-1,-1,-1,-1,-1,-1,-1,-1,-1,-1,-1,-1,-1,-1,-1,-1,-1
1148779510.0,-1,-1,-1,-1,-1,-1,-1,-1,-1,-1,-1,-1,-1,-1,-1,-1,-1,-1,-1,-1,-1,-1,-1
1148779512.0,-1,-1,-1,-1,-1,-1,-1,-1,-1,-1,-1,-1,-1,-1,-1,-1,-1,-1,-1,-1,-1,-1,-1
1148779514.0,-1,-1,-1,-1,-1,-1,-1,-1,-1,-1,-1,-1,-1,-1,-1,-1,-1,-1,-1,-1,-1,-1,-1
1148779517.0,-1,-1,-1,-1,-1,-1,-1,-1,-1,-1,-1,-1,-1,-1,-1,-1,-1,-1,-1,-1,-1,-1,-1
1148779519.0,-1,-1,-1,-1,-1,-1,-1,-1,-1,-1,-1,-1,-1,-1,-1,-1,-1,-1,-1,-1,-1,-1,-1
1148779521.0,-1,-1,-1,-1,-1,-1,-1,-1,-1,-1,-1,-1,-1,-1,-1,-1,-1,-1,-1,-1,-1,-1,-1
1148779523.0,-1,-1,-1,-1,-1,-1,-1,-1,-1,-1,-1,-1,-1,-1,-1,-1,-1,-1,-1,-1,-1,-1,-1
1148779525.0,-1,-1,-1,-1,-1,-1,-1,-1,-1,-1,-1,-1,-1,-1,-1,-1,-1,-1,-1,-1,-1,-1,-1
1148779528.0,-1,-1,-1,-1,-1,-1,-1,-1,-1,-1,-1,-1,-1,-1,-1,-1,-1,-1,-1,-1,-1,-1,-1
1148779530.0,-1,-1,-1,-1,-1,-1,-1,-1,-1,-1,-1,-1,-1,-1,-1,-1,-1,-1,-1,-1,-1,-1,-1
1148779532.0,-1,-1,-1,-1,-1,-1,-1,-1,-1,-1,-1,-1,-1,-1,-1,-1,-1,-1,-1,-1,-1,-1,-1
1148779534.0,-1,-1,-1,-1,-1,-1,-1,-1,-1,-1,-1,-1,-1,-1,-1,-1,-1,-1,-1,-1,-1,-1,-1
1148779537.0,-1,-1,-1,-1,-1,-1,-1,-1,-1,-1,-1,-1,-1,-1,-1,-1,-1,-1,-1,-1,-1,-1,-1
1148779539.0,-1,-1,-1,-1,-1,-1,-1,-1,-1,-1,-1,-1,-1,-1,-1,-1,-1,-1,-1,-1,-1,-1,-1
1148779541.0,-1,-1,-1,-1,-1,-1,-1,-1,-1,-1,-1,-1,-1,-1,-1,-1,-1,-1,-1,-1,-1,-1,-1
1148779543.0,-1,-1,-1,-1,-1,-1,-1,-1,-1,-1,-1,-1,-1,-1,-1,-1,-1,-1,-1,-1,-1,-1,-1
1148779545.0,-1,-1,-1,-1,-1,-1,-1,-1,-1,-1,-1,-1,-1,-1,-1,-1,-1,-1,-1,-1,-1,-1,-1
1148779548.0,-1,-1,-1,-1,-1,-1,-1,-1,-1,-1,-1,-1,-1,-1,-1,-1,-1,-1,-1,-1,-1,-1,-1
1148779550.0,-1,-1,-1,-1,-1,-1,-1,-1,-1,-1,-1,-1,-1,-1,-1,-1,-1,-1,-1,-1,-1,-1,-1
1148779552.0,-1,-1,-1,-1,-1,-1,-1,-1,-1,-1,-1,-1,-1,-1,-1,-1,-1,-1,-1,-1,-1,-1,-1
1148779554.0,-1,-1,-1,-1,-1,-1,-1,-1,-1,-1,-1,-1,-1,-1,-1,-1,-1,-1,-1,-1,-1,-1,-1
1148779556.0,-1,-1,-1,-1,-1,-1,-1,-1,-1,-1,-1,-1,-1,-1,-1,-1,-1,-1,-1,-1,-1,-1,-1
1148779559.0,-1,-1,-1,-1,-1,-1,-1,-1,-1,-1,-1,-1,-1,-1,-1,-1,-1,-1,-1,-1,-1,-1,-1
1148779561.0,-1,-1,-1,-1,-1,-1,-1,-1,-1,-1,-1,-1,-1,-1,-1,-1,-1,-1,-1,-1,-1,-1,-1
1148779563.0,-1,-1,-1,-1,-1,-1,-1,-1,-1,-1,-1,-1,-1,-1,-1,-1,-1,-1,-1,-1,-1,-1,-1
1148779565.0,-1,-1,-1,-1,-1,-1,-1,-1,-1,-1,-1,-1,-1,-1,-1,-1,-1,-1,-1,-1,-1,-1,-1
1148779567.0,-1,-1,-1,-1,-1,-1,-1,-1,-1,-1,-1,-1,-1,-1,-1,-1,-1,-1,-1,-1,-1,-1,-1
1148779570.0,-1,-1,-1,-1,-1,-1,-1,-1,-1,-1,-1,-1,-1,-1,-1,-1,-1,-1,-1,-1,-1,-1,-1
1148779572.0,-1,-1,-1,-1,-1,-1,-1,-1,-1,-1,-1,-1,-1,-1,-1,-1,-1,-1,-1,-1,-1,-1,-1
1148779574.0,-1,-1,-1,-1,-1,-1,-1,-1,-1,-1,-1,-1,-1,-1,-1,-1,-1,-1,-1,-1,-1,-1,-1
1148779576.0,-1,-1,-1,-1,-1,-1,-1,-1,-1,-1,-1,-1,-1,-1,-1,-1,-1,-1,-1,-1,-1,-1,-1
1148779579.0,-1,-1,-1,-1,-1,-1,-1,-1,-1,-1,-1,-1,-1,-1,-1,-1,-1,-1,-1,-1,-1,-1,-1
1148779581.0,-1,-1,-1,-1,-1,-1,-1,-1,-1,-1,-1,-1,-1,-1,-1,-1,-1,-1,-1,-1,-1,-1,-1
1148779583.0,-1,-1,-1,-1,-1,-1,-1,-1,-1,-1,-1,-1,-1,-1,-1,-1,-1,-1,-1,-1,-1,-1,-1
1148779585.0,-1,-1,-1,-1,-1,-1,-1,-1,-1,-1,-1,-1,-1,-1,-1,-1,-1,-1,-1,-1,-1,-1,-1
1148779587.0,-1,-1,-1,-1,-1,-1,-1,-1,-1,-1,-1,-1,-1,-1,-1,-1,-1,-1,-1,-1,-1,-1,-1
1148779590.0,-1,-1,-1,-1,-1,-1,-1,-1,-1,-1,-1,-1,-1,-1,-1,-1,-1,-1,-1,-1,-1,-1,-1
1148779592.0,-1,-1,-1,-1,-1,-1,-1,-1,-1,-1,-1,-1,-1,-1,-1,-1,-1,-1,-1,-1,-1,-1,-1
1148779594.0,-1,-1,-1,-1,-1,-1,-1,-1,-1,-1,-1,-1,-1,-1,-1,-1,-1,-1,-1,-1,-1,-1,-1
1148779596.0,-1,-1,-1,-1,-1,-1,-1,-1,-1,-1,-1,-1,-1,-1,-1,-1,-1,-1,-1,-1,-1,-1,-1
1148779598.0,-1,-1,-1,-1,-1,-1,-1,-1,-1,-1,-1,-1,-1,-1,-1,-1,-1,-1,-1,-1,-1,-1,-1
1148779601.0,-1,-1,-1,-1,-1,-1,-1,-1,-1,-1,-1,-1,-1,-1,-1,-1,-1,-1,-1,-1,-1,-1,-1
1148779603.0,-1,-1,-1,-1,-1,-1,-1,-1,-1,-1,-1,-1,-1,-1,-1,-1,-1,-1,-1,-1,-1,-1,-1
1148779605.0,-1,-1,-1,-1,-1,-1,-1,-1,-1,-1,-1,-1,-1,-1,-1,-1,-1,-1,-1,-1,-1,-1,-1
1148779607.0,-1,-1,-1,-1,-1,-1,-1,-1,-1,-1,-1,-1,-1,-1,-1,-1,-1,-1,-1,-1,-1,-1,-1
1148779609.0,-1,-1,-1,-1,-1,-1,-1,-1,-1,-1,-1,-1,-1,-1,-1,-1,-1,-1,-1,-1,-1,-1,-1
1148779612.0,-1,-1,-1,-1,-1,-1,-1,-1,-1,-1,-1,-1,-1,-1,-1,-1,-1,-1,-1,-1,-1,-1,-1
1148779614.0,-1,-1,-1,-1,-1,-1,-1,-1,-1,-1,-1,-1,-1,-1,-1,-1,-1,-1,-1,-1,-1,-1,-1
1148779616.0,-1,-1,-1,-1,-1,-1,-1,-1,-1,-1,-1,-1,-1,-1,-1,-1,-1,-1,-1,-1,-1,-1,-1
1148779618.0,-1,-1,-1,-1,-1,-1,-1,-1,-1,-1,-1,-1,-1,-1,-1,-1,-1,-1,-1,-1,-1,-1,-1
1148779620.0,-1,-1,-1,-1,-1,-1,-1,-1,-1,-1,-1,-1,-1,-1,-1,-1,-1,-1,-1,-1,-1,-1,-1
1148779623.0,-1,-1,-1,-1,-1,-1,-1,-1,-1,-1,-1,-1,-1,-1,-1,-1,-1,-1,-1,-1,-1,-1,-1
1148779625.0,-1,-1,-1,-1,-1,-1,-1,-1,-1,-1,-1,-1,-1,-1,-1,-1,-1,-1,-1,-1,-1,-1,-1
1148779627.0,-1,-1,-1,-1,-1,-1,-1,-1,-1,-1,-1,-1,-1,-1,-1,-1,-1,-1,-1,-1,-1,-1,-1
1148779629.0,-1,-1,-1,-1,-1,-1,-1,-1,-1,-1,-1,-1,-1,-1,-1,-1,-1,-1,-1,-1,-1,-1,-1
1148779631.0,-1,-1,-1,-1,-1,-1,-1,-1,-1,-1,-1,-1,-1,-1,-1,-1,-1,-1,-1,-1,-1,-1,-1
1148779634.0,-1,-1,-1,-1,-1,-1,-1,-1,-1,-1,-1,-1,-1,-1,-1,-1,-1,-1,-1,-1,-1,-1,-1
1148779636.0,-1,-1,-1,-1,-1,-1,-1,-1,-1,-1,-1,-1,-1,-1,-1,-1,-1,-1,-1,-1,-1,-1,-1
1148779638.0,-1,-1,-1,-1,-1,-1,-1,-1,-1,-1,-1,-1,-1,-1,-1,-1,-1,-1,-1,-1,-1,-1,-1
1148779640.0,-1,-1,-1,-1,-1,-1,-1,-1,-1,-1,-1,-1,-1,-1,-1,-1,-1,-1,-1,-1,-1,-1,-1
1148779642.0,-1,-1,-1,-1,-1,-1,-1,-1,-1,-1,-1,-1,-1,-1,-1,-1,-1,-1,-1,-1,-1,-1,-1
1148779645.0,-1,-1,-1,-1,-1,-1,-1,-1,-1,-1,-1,-1,-1,-1,-1,-1,-1,-1,-1,-1,-1,-1,-1
1148779647.0,-1,-1,-1,-1,-1,-1,-1,-1,-1,-1,-1,-1,-1,-1,-1,-1,-1,-1,-1,-1,-1,-1,-1
1148779649.0,-1,-1,-1,-1,-1,-1,-1,-1,-1,-1,-1,-1,-1,-1,-1,-1,-1,-1,-1,-1,-1,-1,-1
1148779651.0,-1,-1,-1,-1,-1,-1,-1,-1,-1,-1,-1,-1,-1,-1,-1,-1,-1,-1,-1,-1,-1,-1,-1
1148779653.0,-1,-1,-1,-1,-1,-1,-1,-1,-1,-1,-1,-1,-1,-1,-1,-1,-1,-1,-1,-1,-1,-1,-1
1148779656.0,-1,-1,-1,-1,-1,-1,-1,-1,-1,-1,-1,-1,-1,-1,-1,-1,-1,-1,-1,-1,-1,-1,-1
1148779658.0,-1,-1,-1,-1,-1,-1,-1,-1,-1,-1,-1,-1,-1,-1,-1,-1,-1,-1,-1,-1,-1,-1,-1
1148779660.0,-1,-1,-1,-1,-1,-1,-1,-1,-1,-1,-1,-1,-1,-1,-1,-1,-1,-1,-1,-1,-1,-1,-1
1148779662.0,-1,-1,-1,-1,-1,-1,-1,-1,-1,-1,-1,-1,-1,-1,-1,-1,-1,-1,-1,-1,-1,-1,-1
1148779664.0,-1,-1,-1,-1,-1,-1,-1,-1,-1,-1,-1,-1,-1,-1,-1,-1,-1,-1,-1,-1,-1,-1,-1
1148779667.0,-1,-1,-1,-1,-1,-1,-1,-1,-1,-1,-1,-1,-1,-1,-1,-1,-1,-1,-1,-1,-1,-1,-1
1148779669.0,-1,-1,-1,-1,-1,-1,-1,-1,-1,-1,-1,-1,-1,-1,-1,-1,-1,-1,-1,-1,-1,-1,-1
1148779671.0,-1,-1,-1,-1,-1,-1,-1,-1,-1,-1,-1,-1,-1,-1,-1,-1,-1,-1,-1,-1,-1,-1,-1
1148779673.0,-1,-1,-1,-1,-1,-1,-1,-1,-1,-1,-1,-1,-1,-1,-1,-1,-1,-1,-1,-1,-1,-1,-1
1148779675.0,-1,-1,-1,-1,-1,-1,-1,-1,-1,-1,-1,-1,-1,-1,-1,-1,-1,-1,-1,-1,-1,-1,-1
1148779678.0,-1,-1,-1,-1,-1,-1,-1,-1,-1,-1,-1,-1,-1,-1,-1,-1,-1,-1,-1,-1,-1,-1,-1
1148779680.0,-1,-1,-1,-1,-1,-1,-1,-1,-1,-1,-1,-1,-1,-1,-1,-1,-1,-1,-1,-1,-1,-1,-1
1148779682.0,-1,-1,-1,-1,-1,-1,-1,-1,-1,-1,-1,-1,-1,-1,-1,-1,-1,-1,-1,-1,-1,-1,-1
1148779684.0,-1,-1,-1,-1,-1,-1,-1,-1,-1,-1,-1,-1,-1,-1,-1,-1,-1,-1,-1,-1,-1,-1,-1
1148779686.0,-1,-1,-1,-1,-1,-1,-1,-1,-1,-1,-1,-1,-1,-1,-1,-1,-1,-1,-1,-1,-1,-1,-1
1148779689.0,-1,-1,-1,-1,-1,-1,-1,-1,-1,-1,-1,-1,-1,-1,-1,-1,-1,-1,-1,-1,-1,-1,-1
1148779691.0,-1,-1,-1,-1,-1,-1,-1,-1,-1,-1,-1,-1,-1,-1,-1,-1,-1,-1,-1,-1,-1,-1,-1
1148779693.0,-1,-1,-1,-1,-1,-1,-1,-1,-1,-1,-1,-1,-1,-1,-1,-1,-1,-1,-1,-1,-1,-1,-1
1148779695.0,-1,-1,-1,-1,-1,-1,-1,-1,-1,-1,-1,-1,-1,-1,-1,-1,-1,-1,-1,-1,-1,-1,-1
1148779697.0,-1,-1,-1,-1,-1,-1,-1,-1,-1,-1,-1,-1,-1,-1,-1,-1,-1,-1,-1,-1,-1,-1,-1
1148779700.0,-1,-1,-1,-1,-1,-1,-1,-1,-1,-1,-1,-1,-1,-1,-1,-1,-1,-1,-1,-1,-1,-1,-1
1148779702.0,-1,-1,-1,-1,-1,-1,-1,-1,-1,-1,-1,-1,-1,-1,-1,-1,-1,-1,-1,-1,-1,-1,-1
1148779704.0,-1,-1,-1,-1,-1,-1,-1,-1,-1,-1,-1,-1,-1,-1,-1,-1,-1,-1,-1,-1,-1,-1,-1
1148779706.0,-1,-1,-1,-1,-1,-1,-1,-1,-1,-1,-1,-1,-1,-1,-1,-1,-1,-1,-1,-1,-1,-1,-1
1148779708.0,-1,-1,-1,-1,-1,-1,-1,-1,-1,-1,-1,-1,-1,-1,-1,-1,-1,-1,-1,-1,-1,-1,-1
1148779711.0,-1,-1,-1,-1,-1,-1,-1,-1,-1,-1,-1,-1,-1,-1,-1,-1,-1,-1,-1,-1,-1,-1,-1
1148779713.0,-1,-1,-1,-1,-1,-1,-1,-1,-1,-1,-1,-1,-1,-1,-1,-1,-1,-1,-1,-1,-1,-1,-1
1148779715.0,-1,-1,-1,-1,-1,-1,-1,-1,-1,-1,-1,-1,-1,-1,-1,-1,-1,-1,-1,-1,-1,-1,-1
1148779717.0,-1,-1,-1,-1,-1,-1,-1,-1,-1,-1,-1,-1,-1,-1,-1,-1,-1,-1,-1,-1,-1,-1,-1
1148779720.0,-1,-1,-1,-1,-1,-1,-1,-1,-1,-1,-1,-1,-1,-1,-1,-1,-1,-1,-1,-1,-1,-1,-1
1148779722.0,-1,-1,-1,-1,-1,-1,-1,-1,-1,-1,-1,-1,-1,-1,-1,-1,-1,-1,-1,-1,-1,-1,-1
1148779724.0,-1,-1,-1,-1,-1,-1,-1,-1,-1,-1,-1,-1,-1,-1,-1,-1,-1,-1,-1,-1,-1,-1,-1
1148779726.0,-1,-1,-1,-1,-1,-1,-1,-1,-1,-1,-1,-1,-1,-1,-1,-1,-1,-1,-1,-1,-1,-1,-1
1148779728.0,-1,-1,-1,-1,-1,-1,-1,-1,-1,-1,-1,-1,-1,-1,-1,-1,-1,-1,-1,-1,-1,-1,-1
1148779731.0,-1,-1,-1,-1,-1,-1,-1,-1,-1,-1,-1,-1,-1,-1,-1,-1,-1,-1,-1,-1,-1,-1,-1
1148779733.0,-1,-1,-1,-1,-1,-1,-1,-1,-1,-1,-1,-1,-1,-1,-1,-1,-1,-1,-1,-1,-1,-1,-1
1148779735.0,-1,-1,-1,-1,-1,-1,-1,-1,-1,-1,-1,-1,-1,-1,-1,-1,-1,-1,-1,-1,-1,-1,-1
1148779737.0,-1,-1,-1,-1,-1,-1,-1,-1,-1,-1,-1,-1,-1,-1,-1,-1,-1,-1,-1,-1,-1,-1,-1
1148779739.0,-1,-1,-1,-1,-1,-1,-1,-1,-1,-1,-1,-1,-1,-1,-1,-1,-1,-1,-1,-1,-1,-1,-1
1148779742.0,-1,-1,-1,-1,-1,-1,-1,-1,-1,-1,-1,-1,-1,-1,-1,-1,-1,-1,-1,-1,-1,-1,-1
1148779744.0,-1,-1,-1,-1,-1,-1,-1,-1,-1,-1,-1,-1,-1,-1,-1,-1,-1,-1,-1,-1,-1,-1,-1
1148779746.0,-1,-1,-1,-1,-1,-1,-1,-1,-1,-1,-1,-1,-1,-1,-1,-1,-1,-1,-1,-1,-1,-1,-1
1148779748.0,-1,-1,-1,-1,-1,-1,-1,-1,-1,-1,-1,-1,-1,-1,-1,-1,-1,-1,-1,-1,-1,-1,-1
1148779750.0,-1,-1,-1,-1,-1,-1,-1,-1,-1,-1,-1,-1,-1,-1,-1,-1,-1,-1,-1,-1,-1,-1,-1
1148779753.0,-1,-1,-1,-1,-1,-1,-1,-1,-1,-1,-1,-1,-1,-1,-1,-1,-1,-1,-1,-1,-1,-1,-1
1148779755.0,-1,-1,-1,-1,-1,-1,-1,-1,-1,-1,-1,-1,-1,-1,-1,-1,-1,-1,-1,-1,-1,-1,-1
1148779757.0,-1,-1,-1,-1,-1,-1,-1,-1,-1,-1,-1,-1,-1,-1,-1,-1,-1,-1,-1,-1,-1,-1,-1
1148779759.0,-1,-1,-1,-1,-1,-1,-1,-1,-1,-1,-1,-1,-1,-1,-1,-1,-1,-1,-1,-1,-1,-1,-1
1148779761.0,-1,-1,-1,-1,-1,-1,-1,-1,-1,-1,-1,-1,-1,-1,-1,-1,-1,-1,-1,-1,-1,-1,-1
1148779764.0,-1,-1,-1,-1,-1,-1,-1,-1,-1,-1,-1,-1,-1,-1,-1,-1,-1,-1,-1,-1,-1,-1,-1
1148779766.0,-1,-1,-1,-1,-1,-1,-1,-1,-1,-1,-1,-1,-1,-1,-1,-1,-1,-1,-1,-1,-1,-1,-1
1148779768.0,-1,-1,-1,-1,-1,-1,-1,-1,-1,-1,-1,-1,-1,-1,-1,-1,-1,-1,-1,-1,-1,-1,-1
1148779770.0,-1,-1,-1,-1,-1,-1,-1,-1,-1,-1,-1,-1,-1,-1,-1,-1,-1,-1,-1,-1,-1,-1,-1
1148779773.0,-1,-1,-1,-1,-1,-1,-1,-1,-1,-1,-1,-1,-1,-1,-1,-1,-1,-1,-1,-1,-1,-1,-1
1148779775.0,-1,-1,-1,-1,-1,-1,-1,-1,-1,-1,-1,-1,-1,-1,-1,-1,-1,-1,-1,-1,-1,-1,-1
1148779777.0,-1,-1,-1,-1,-1,-1,-1,-1,-1,-1,-1,-1,-1,-1,-1,-1,-1,-1,-1,-1,-1,-1,-1
1148779779.0,-1,-1,-1,-1,-1,-1,-1,-1,-1,-1,-1,-1,-1,-1,-1,-1,-1,-1,-1,-1,-1,-1,-1
1148779781.0,-1,-1,-1,-1,-1,-1,-1,-1,-1,-1,-1,-1,-1,-1,-1,-1,-1,-1,-1,-1,-1,-1,-1
1148779784.0,-1,-1,-1,-1,-1,-1,-1,-1,-1,-1,-1,-1,-1,-1,-1,-1,-1,-1,-1,-1,-1,-1,-1
1148779786.0,-1,-1,-1,-1,-1,-1,-1,-1,-1,-1,-1,-1,-1,-1,-1,-1,-1,-1,-1,-1,-1,-1,-1
1148779788.0,-1,-1,-1,-1,-1,-1,-1,-1,-1,-1,-1,-1,-1,-1,-1,-1,-1,-1,-1,-1,-1,-1,-1
1148779790.0,-1,-1,-1,-1,-1,-1,-1,-1,-1,-1,-1,-1,-1,-1,-1,-1,-1,-1,-1,-1,-1,-1,-1
1148779793.0,-1,-1,-1,-1,-1,-1,-1,-1,-1,-1,-1,-1,-1,-1,-1,-1,-1,-1,-1,-1,-1,-1,-1
1148779795.0,-1,-1,-1,-1,-1,-1,-1,-1,-1,-1,-1,-1,-1,-1,-1,-1,-1,-1,-1,-1,-1,-1,-1
1148779797.0,-1,-1,-1,-1,-1,-1,-1,-1,-1,-1,-1,-1,-1,-1,-1,-1,-1,-1,-1,-1,-1,-1,-1
1148779799.0,-1,-1,-1,-1,-1,-1,-1,-1,-1,-1,-1,-1,-1,-1,-1,-1,-1,-1,-1,-1,-1,-1,-1
1148779801.0,-1,-1,-1,-1,-1,-1,-1,-1,-1,-1,-1,-1,-1,-1,-1,-1,-1,-1,-1,-1,-1,-1,-1
1148779804.0,-1,-1,-1,-1,-1,-1,-1,-1,-1,-1,-1,-1,-1,-1,-1,-1,-1,-1,-1,-1,-1,-1,-1
1148779806.0,-1,-1,-1,-1,-1,-1,-1,-1,-1,-1,-1,-1,-1,-1,-1,-1,-1,-1,-1,-1,-1,-1,-1
1148779808.0,-1,-1,-1,-1,-1,-1,-1,-1,-1,-1,-1,-1,-1,-1,-1,-1,-1,-1,-1,-1,-1,-1,-1
1148779810.0,-1,-1,-1,-1,-1,-1,-1,-1,-1,-1,-1,-1,-1,-1,-1,-1,-1,-1,-1,-1,-1,-1,-1
1148779813.0,-1,-1,-1,-1,-1,-1,-1,-1,-1,-1,-1,-1,-1,-1,-1,-1,-1,-1,-1,-1,-1,-1,-1
1148779815.0,-1,-1,-1,-1,-1,-1,-1,-1,-1,-1,-1,-1,-1,-1,-1,-1,-1,-1,-1,-1,-1,-1,-1
1148779817.0,-1,-1,-1,-1,-1,-1,-1,-1,-1,-1,-1,-1,-1,-1,-1,-1,-1,-1,-1,-1,-1,-1,-1
1148779819.0,-1,-1,-1,-1,-1,-1,-1,-1,-1,-1,-1,-1,-1,-1,-1,-1,-1,-1,-1,-1,-1,-1,-1
1148779821.0,-1,-1,-1,-1,-1,-1,-1,-1,-1,-1,-1,-1,-1,-1,-1,-1,-1,-1,-1,-1,-1,-1,-1
1148779824.0,-1,-1,-1,-1,-1,-1,-1,-1,-1,-1,-1,-1,-1,-1,-1,-1,-1,-1,-1,-1,-1,-1,-1
1148779826.0,-1,-1,-1,-1,-1,-1,-1,-1,-1,-1,-1,-1,-1,-1,-1,-1,-1,-1,-1,-1,-1,-1,-1
1148779828.0,-1,-1,-1,-1,-1,-1,-1,-1,-1,-1,-1,-1,-1,-1,-1,-1,-1,-1,-1,-1,-1,-1,-1
1148779830.0,-1,-1,-1,-1,-1,-1,-1,-1,-1,-1,-1,-1,-1,-1,-1,-1,-1,-1,-1,-1,-1,-1,-1
1148779833.0,-1,-1,-1,-1,-1,-1,-1,-1,-1,-1,-1,-1,-1,-1,-1,-1,-1,-1,-1,-1,-1,-1,-1
1148779835.0,-1,-1,-1,-1,-1,-1,-1,-1,-1,-1,-1,-1,-1,-1,-1,-1,-1,-1,-1,-1,-1,-1,-1
1148779837.0,-1,-1,-1,-1,-1,-1,-1,-1,-1,-1,-1,-1,-1,-1,-1,-1,-1,-1,-1,-1,-1,-1,-1
1148779839.0,-1,-1,-1,-1,-1,-1,-1,-1,-1,-1,-1,-1,-1,-1,-1,-1,-1,-1,-1,-1,-1,-1,-1
1148779841.0,-1,-1,-1,-1,-1,-1,-1,-1,-1,-1,-1,-1,-1,-1,-1,-1,-1,-1,-1,-1,-1,-1,-1
1148779844.0,-1,-1,-1,-1,-1,-1,-1,-1,-1,-1,-1,-1,-1,-1,-1,-1,-1,-1,-1,-1,-1,-1,-1
1148779846.0,-1,-1,-1,-1,-1,-1,-1,-1,-1,-1,-1,-1,-1,-1,-1,-1,-1,-1,-1,-1,-1,-1,-1
1148779848.0,-1,-1,-1,-1,-1,-1,-1,-1,-1,-1,-1,-1,-1,-1,-1,-1,-1,-1,-1,-1,-1,-1,-1
1148779850.0,-1,-1,-1,-1,-1,-1,-1,-1,-1,-1,-1,-1,-1,-1,-1,-1,-1,-1,-1,-1,-1,-1,-1
1148779853.0,-1,-1,-1,-1,-1,-1,-1,-1,-1,-1,-1,-1,-1,-1,-1,-1,-1,-1,-1,-1,-1,-1,-1
1148779855.0,-1,-1,-1,-1,-1,-1,-1,-1,-1,-1,-1,-1,-1,-1,-1,-1,-1,-1,-1,-1,-1,-1,-1
1148779857.0,-1,-1,-1,-1,-1,-1,-1,-1,-1,-1,-1,-1,-1,-1,-1,-1,-1,-1,-1,-1,-1,-1,-1
1148779859.0,-1,-1,-1,-1,-1,-1,-1,-1,-1,-1,-1,-1,-1,-1,-1,-1,-1,-1,-1,-1,-1,-1,-1
1148779862.0,-1,-1,-1,-1,-1,-1,-1,-1,-1,-1,-1,-1,-1,-1,-1,-1,-1,-1,-1,-1,-1,-1,-1
1148779864.0,-1,-1,-1,-1,-1,-1,-1,-1,-1,-1,-1,-1,-1,-1,-1,-1,-1,-1,-1,-1,-1,-1,-1
1148779866.0,-1,-1,-1,-1,-1,-1,-1,-1,-1,-1,-1,-1,-1,-1,-1,-1,-1,-1,-1,-1,-1,-1,-1
1148779868.0,-1,-1,-1,-1,-1,-1,-1,-1,-1,-1,-1,-1,-1,-1,-1,-1,-1,-1,-1,-1,-1,-1,-1
1148779870.0,-1,-1,-1,-1,-1,-1,-1,-1,-1,-1,-1,-1,-1,-1,-1,-1,-1,-1,-1,-1,-1,-1,-1
1148779873.0,-1,-1,-1,-1,-1,-1,-1,-1,-1,-1,-1,-1,-1,-1,-1,-1,-1,-1,-1,-1,-1,-1,-1
1148779875.0,-1,-1,-1,-1,-1,-1,-1,-1,-1,-1,-1,-1,-1,-1,-1,-1,-1,-1,-1,-1,-1,-1,-1
1148779877.0,-1,-1,-1,-1,-1,-1,-1,-1,-1,-1,-1,-1,-1,-1,-1,-1,-1,-1,-1,-1,-1,-1,-1
1148779879.0,-1,-1,-1,-1,-1,-1,-1,-1,-1,-1,-1,-1,-1,-1,-1,-1,-1,-1,-1,-1,-1,-1,-1
1148779882.0,-1,-1,-1,-1,-1,-1,-1,-1,-1,-1,-1,-1,-1,-1,-1,-1,-1,-1,-1,-1,-1,-1,-1
1148779884.0,-1,-1,-1,-1,-1,-1,-1,-1,-1,-1,-1,-1,-1,-1,-1,-1,-1,-1,-1,-1,-1,-1,-1
1148779886.0,-1,-1,-1,-1,-1,-1,-1,-1,-1,-1,-1,-1,-1,-1,-1,-1,-1,-1,-1,-1,-1,-1,-1
1148779888.0,-1,-1,-1,-1,-1,-1,-1,-1,-1,-1,-1,-1,-1,-1,-1,-1,-1,-1,-1,-1,-1,-1,-1
1148779890.0,-1,-1,-1,-1,-1,-1,-1,-1,-1,-1,-1,-1,-1,-1,-1,-1,-1,-1,-1,-1,-1,-1,-1
1148779893.0,-1,-1,-1,-1,-1,-1,-1,-1,-1,-1,-1,-1,-1,-1,-1,-1,-1,-1,-1,-1,-1,-1,-1
1148779895.0,-1,-1,-1,-1,-1,-1,-1,-1,-1,-1,-1,-1,-1,-1,-1,-1,-1,-1,-1,-1,-1,-1,-1
1148779897.0,-1,-1,-1,-1,-1,-1,-1,-1,-1,-1,-1,-1,-1,-1,-1,-1,-1,-1,-1,-1,-1,-1,-1
1148779899.0,-1,-1,-1,-1,-1,-1,-1,-1,-1,-1,-1,-1,-1,-1,-1,-1,-1,-1,-1,-1,-1,-1,-1
1148779902.0,-1,-1,-1,-1,-1,-1,-1,-1,-1,-1,-1,-1,-1,-1,-1,-1,-1,-1,-1,-1,-1,-1,-1
1148779904.0,-1,-1,-1,-1,-1,-1,-1,-1,-1,-1,-1,-1,-1,-1,-1,-1,-1,-1,-1,-1,-1,-1,-1
1148779906.0,-1,-1,-1,-1,-1,-1,-1,-1,-1,-1,-1,-1,-1,-1,-1,-1,-1,-1,-1,-1,-1,-1,-1
1148779908.0,-1,-1,-1,-1,-1,-1,-1,-1,-1,-1,-1,-1,-1,-1,-1,-1,-1,-1,-1,-1,-1,-1,-1
1148779910.0,-1,-1,-1,-1,-1,-1,-1,-1,-1,-1,-1,-1,-1,-1,-1,-1,-1,-1,-1,-1,-1,-1,-1
1148779913.0,-1,-1,-1,-1,-1,-1,-1,-1,-1,-1,-1,-1,-1,-1,-1,-1,-1,-1,-1,-1,-1,-1,-1
1148779915.0,-1,-1,-1,-1,-1,-1,-1,-1,-1,-1,-1,-1,-1,-1,-1,-1,-1,-1,-1,-1,-1,-1,-1
1148779917.0,-1,-1,-1,-1,-1,-1,-1,-1,-1,-1,-1,-1,-1,-1,-1,-1,-1,-1,-1,-1,-1,-1,-1
1148779919.0,-1,-1,-1,-1,-1,-1,-1,-1,-1,-1,-1,-1,-1,-1,-1,-1,-1,-1,-1,-1,-1,-1,-1
1148779922.0,-1,-1,-1,-1,-1,-1,-1,-1,-1,-1,-1,-1,-1,-1,-1,-1,-1,-1,-1,-1,-1,-1,-1
1148779924.0,-1,-1,-1,-1,-1,-1,-1,-1,-1,-1,-1,-1,-1,-1,-1,-1,-1,-1,-1,-1,-1,-1,-1
1148779926.0,-1,-1,-1,-1,-1,-1,-1,-1,-1,-1,-1,-1,-1,-1,-1,-1,-1,-1,-1,-1,-1,-1,-1
1148779928.0,-1,-1,-1,-1,-1,-1,-1,-1,-1,-1,-1,-1,-1,-1,-1,-1,-1,-1,-1,-1,-1,-1,-1
1148779930.0,-1,-1,-1,-1,-1,-1,-1,-1,-1,-1,-1,-1,-1,-1,-1,-1,-1,-1,-1,-1,-1,-1,-1
1148779933.0,-1,-1,-1,-1,-1,-1,-1,-1,-1,-1,-1,-1,-1,-1,-1,-1,-1,-1,-1,-1,-1,-1,-1
1148779935.0,-1,-1,-1,-1,-1,-1,-1,-1,-1,-1,-1,-1,-1,-1,-1,-1,-1,-1,-1,-1,-1,-1,-1
1148779937.0,-1,-1,-1,-1,-1,-1,-1,-1,-1,-1,-1,-1,-1,-1,-1,-1,-1,-1,-1,-1,-1,-1,-1
1148779939.0,-1,-1,-1,-1,-1,-1,-1,-1,-1,-1,-1,-1,-1,-1,-1,-1,-1,-1,-1,-1,-1,-1,-1
1148779942.0,-1,-1,-1,-1,-1,-1,-1,-1,-1,-1,-1,-1,-1,-1,-1,-1,-1,-1,-1,-1,-1,-1,-1
1148779944.0,-1,-1,-1,-1,-1,-1,-1,-1,-1,-1,-1,-1,-1,-1,-1,-1,-1,-1,-1,-1,-1,-1,-1
1148779946.0,-1,-1,-1,-1,-1,-1,-1,-1,-1,-1,-1,-1,-1,-1,-1,-1,-1,-1,-1,-1,-1,-1,-1
1148779948.0,-1,-1,-1,-1,-1,-1,-1,-1,-1,-1,-1,-1,-1,-1,-1,-1,-1,-1,-1,-1,-1,-1,-1
1148779950.0,-1,-1,-1,-1,-1,-1,-1,-1,-1,-1,-1,-1,-1,-1,-1,-1,-1,-1,-1,-1,-1,-1,-1
1148779953.0,-1,-1,-1,-1,-1,-1,-1,-1,-1,-1,-1,-1,-1,-1,-1,-1,-1,-1,-1,-1,-1,-1,-1
1148779955.0,-1,-1,-1,-1,-1,-1,-1,-1,-1,-1,-1,-1,-1,-1,-1,-1,-1,-1,-1,-1,-1,-1,-1
1148779957.0,-1,-1,-1,-1,-1,-1,-1,-1,-1,-1,-1,-1,-1,-1,-1,-1,-1,-1,-1,-1,-1,-1,-1
1148779959.0,-1,-1,-1,-1,-1,-1,-1,-1,-1,-1,-1,-1,-1,-1,-1,-1,-1,-1,-1,-1,-1,-1,-1
1148779962.0,-1,-1,-1,-1,-1,-1,-1,-1,-1,-1,-1,-1,-1,-1,-1,-1,-1,-1,-1,-1,-1,-1,-1
1148779964.0,-1,-1,-1,-1,-1,-1,-1,-1,-1,-1,-1,-1,-1,-1,-1,-1,-1,-1,-1,-1,-1,-1,-1
1148779966.0,-1,-1,-1,-1,-1,-1,-1,-1,-1,-1,-1,-1,-1,-1,-1,-1,-1,-1,-1,-1,-1,-1,-1
1148779968.0,-1,-1,-1,-1,-1,-1,-1,-1,-1,-1,-1,-1,-1,-1,-1,-1,-1,-1,-1,-1,-1,-1,-1
1148779970.0,-1,-1,-1,-1,-1,-1,-1,-1,-1,-1,-1,-1,-1,-1,-1,-1,-1,-1,-1,-1,-1,-1,-1
1148779973.0,-1,-1,-1,-1,-1,-1,-1,-1,-1,-1,-1,-1,-1,-1,-1,-1,-1,-1,-1,-1,-1,-1,-1
1148779975.0,-1,-1,-1,-1,-1,-1,-1,-1,-1,-1,-1,-1,-1,-1,-1,-1,-1,-1,-1,-1,-1,-1,-1
1148779977.0,-1,-1,-1,-1,-1,-1,-1,-1,-1,-1,-1,-1,-1,-1,-1,-1,-1,-1,-1,-1,-1,-1,-1
1148779979.0,-1,-1,-1,-1,-1,-1,-1,-1,-1,-1,-1,-1,-1,-1,-1,-1,-1,-1,-1,-1,-1,-1,-1
1148779982.0,-1,-1,-1,-1,-1,-1,-1,-1,-1,-1,-1,-1,-1,-1,-1,-1,-1,-1,-1,-1,-1,-1,-1
1148779984.0,-1,-1,-1,-1,-1,-1,-1,-1,-1,-1,-1,-1,-1,-1,-1,-1,-1,-1,-1,-1,-1,-1,-1
1148779986.0,-1,-1,-1,-1,-1,-1,-1,-1,-1,-1,-1,-1,-1,-1,-1,-1,-1,-1,-1,-1,-1,-1,-1
1148779988.0,-1,-1,-1,-1,-1,-1,-1,-1,-1,-1,-1,-1,-1,-1,-1,-1,-1,-1,-1,-1,-1,-1,-1
1148779990.0,-1,-1,-1,-1,-1,-1,-1,-1,-1,-1,-1,-1,-1,-1,-1,-1,-1,-1,-1,-1,-1,-1,-1
1148779993.0,-1,-1,-1,-1,-1,-1,-1,-1,-1,-1,-1,-1,-1,-1,-1,-1,-1,-1,-1,-1,-1,-1,-1
1148779995.0,-1,-1,-1,-1,-1,-1,-1,-1,-1,-1,-1,-1,-1,-1,-1,-1,-1,-1,-1,-1,-1,-1,-1
1148779997.0,-1,-1,-1,-1,-1,-1,-1,-1,-1,-1,-1,-1,-1,-1,-1,-1,-1,-1,-1,-1,-1,-1,-1
1148779999.0,-1,-1,-1,-1,-1,-1,-1,-1,-1,-1,-1,-1,-1,-1,-1,-1,-1,-1,-1,-1,-1,-1,-1
1148780001.0,-1,-1,-1,-1,-1,-1,-1,-1,-1,-1,-1,-1,-1,-1,-1,-1,-1,-1,-1,-1,-1,-1,-1
1148780004.0,-1,-1,-1,-1,-1,-1,-1,-1,-1,-1,-1,-1,-1,-1,-1,-1,-1,-1,-1,-1,-1,-1,-1
1148780006.0,-1,-1,-1,-1,-1,-1,-1,-1,-1,-1,-1,-1,-1,-1,-1,-1,-1,-1,-1,-1,-1,-1,-1
1148780008.0,-1,-1,-1,-1,-1,-1,-1,-1,-1,-1,-1,-1,-1,-1,-1,-1,-1,-1,-1,-1,-1,-1,-1
1148780010.0,-1,-1,-1,-1,-1,-1,-1,-1,-1,-1,-1,-1,-1,-1,-1,-1,-1,-1,-1,-1,-1,-1,-1
1148780012.0,-1,-1,-1,-1,-1,-1,-1,-1,-1,-1,-1,-1,-1,-1,-1,-1,-1,-1,-1,-1,-1,-1,-1
1148780015.0,34.62083,-112.44848,0.0,-75.2,-81.259,-87.402,-87.158,-87.285,-87.298,-87.261,-87.373,-87.149,-87.252,-87.249,-87.678,-87.589,-87.49,-87.415,-87.245,-87.229,-87.41,-87.471,-87.423
1148780017.0,-1,-1,-1,-1,-1,-1,-1,-1,-1,-1,-1,-1,-1,-1,-1,-1,-1,-1,-1,-1,-1,-1,-1
1148780019.0,34.62083,-112.44849,-0.02,-75.216,-81.221,-87.132,-87.418,-87.342,-87.488,-87.221,-87.291,-87.478,-87.263,-86.979,-86.83,-86.915,-86.965,-86.985,-86.979,-87.288,-87.238,-87.143,-87.252
1148780021.0,34.62083,-112.44849,0.05,-76.804,-82.488,-87.428,-87.135,-87.074,-86.997,-87.209,-87.438,-87.23,-87.079,-87.128,-87.132,-87.034,-86.73,-86.781,-86.88,-86.954,-87.278,-87.17,-87.322
1148780023.0,-1,-1,-1,-1,-1,-1,-1,-1,-1,-1,-1,-1,-1,-1,-1,-1,-1,-1,-1,-1,-1,-1,-1
1148780026.0,34.62084,-112.44849,-0.21,-78.753,-83.807,-87.29,-87.691,-87.37,-87.115,-87.54,-87.576,-87.443,-87.385,-87.387,-87.396,-87.119,-87.103,-87.108,-87.197,-87.603,-87.502,-87.413,-87.451
1148780028.0,-1,-1,-1,-1,-1,-1,-1,-1,-1,-1,-1,-1,-1,-1,-1,-1,-1,-1,-1,-1,-1,-1,-1
1148780030.0,-1,-1,-1,-1,-1,-1,-1,-1,-1,-1,-1,-1,-1,-1,-1,-1,-1,-1,-1,-1,-1,-1,-1
1148780032.0,-1,-1,-1,-1,-1,-1,-1,-1,-1,-1,-1,-1,-1,-1,-1,-1,-1,-1,-1,-1,-1,-1,-1
1148780034.0,-1,-1,-1,-1,-1,-1,-1,-1,-1,-1,-1,-1,-1,-1,-1,-1,-1,-1,-1,-1,-1,-1,-1
1148780037.0,-1,-1,-1,-1,-1,-1,-1,-1,-1,-1,-1,-1,-1,-1,-1,-1,-1,-1,-1,-1,-1,-1,-1
1148780039.0,34.62084,-112.4485,0.46,-76.302,-82.059,-87.122,-87.643,-87.756,-87.464,-87.27,-87.232,-87.547,-87.416,-87.027,-87.301,-87.441,-87.073,-87.082,-87.232,-87.667,-87.654,-87.517,-87.613
1148780041.0,-1,-1,-1,-1,-1,-1,-1,-1,-1,-1,-1,-1,-1,-1,-1,-1,-1,-1,-1,-1,-1,-1,-1
1148780043.0,-1,-1,-1,-1,-1,-1,-1,-1,-1,-1,-1,-1,-1,-1,-1,-1,-1,-1,-1,-1,-1,-1,-1
1148780045.0,34.62084,-112.4485,1.81,-67.676,-74.498,-86.978,-87.119,-87.078,-87.447,-87.359,-87.004,-87.163,-87.226,-87.227,-87.452,-87.29,-87.477,-87.947,-87.707,-87.42,-87.266,-87.346,-87.141
1148780048.0,34.62084,-112.4485,2.17,-67.677,-74.485,-86.939,-87.126,-87.09,-87.111,-87.129,-87.108,-87.183,-87.265,-86.998,-87.024,-87.246,-87.386,-87.164,-87.181,-87.555,-87.548,-87.191,-87.164
1148780050.0,34.62084,-112.44849,2.22,-64.111,-71.039,-86.882,-87.301,-87.413,-87.541,-87.458,-87.169,-87.165,-87.007,-86.902,-87.011,-86.914,-87.324,-87.191,-87.088,-87.316,-87.602,-87.4,-87.423
1148780052.0,34.62084,-112.4485,2.86,-59.922,-66.91,-86.664,-87.175,-87.13,-87.159,-87.21,-87.187,-86.962,-86.998,-87.056,-87.037,-86.816,-86.734,-86.783,-86.999,-87.233,-87.222,-87.378,-87.391
1148780054.0,34.62084,-112.44849,3.94,-59.06,-66.053,-86.667,-87.16,-87.217,-87.577,-87.776,-87.717,-87.233,-87.271,-87.71,-87.281,-87.177,-87.267,-87.544,-87.347,-87.407,-87.598,-87.678,-87.446
1148780056.0,34.62084,-112.4485,4.79,-58.304,-65.298,-86.522,-87.047,-87.334,-87.422,-87.34,-87.596,-87.612,-87.37,-87.298,-87.078,-87.171,-87.27,-87.109,-87.418,-87.435,-87.348,-87.488,-87.459
1148780059.0,-1,-1,-1,-1,-1,-1,-1,-1,-1,-1,-1,-1,-1,-1,-1,-1,-1,-1,-1,-1,-1,-1,-1
1148780061.0,-1,-1,-1,-1,-1,-1,-1,-1,-1,-1,-1,-1,-1,-1,-1,-1,-1,-1,-1,-1,-1,-1,-1
1148780063.0,34.62087,-112.44849,8.23,-48.1,-55.116,-82.621,-86.372,-87.105,-86.923,-86.898,-86.888,-87.409,-87.246,-86.972,-87.077,-87.326,-87.082,-87.058,-87.197,-87.199,-87.356,-87.561,-87.386
1148780065.0,34.62087,-112.44849,9.24,-46.851,-53.85,-81.662,-85.913,-86.923,-87.279,-86.899,-87.16,-87.232,-87.208,-87.28,-87.132,-87.256,-87.448,-87.553,-87.464,-87.59,-87.787,-87.491,-87.35
1148780067.0,-1,-1,-1,-1,-1,-1,-1,-1,-1,-1,-1,-1,-1,-1,-1,-1,-1,-1,-1,-1,-1,-1,-1
1148780070.0,34.62087,-112.44849,12.17,-45.941,-52.92,-80.741,-85.762,-86.858,-86.668,-86.664,-87.224,-87.608,-87.507,-87.258,-87.033,-86.91,-87.333,-87.656,-87.427,-87.646,-87.498,-87.792,-87.732
1148780072.0,-1,-1,-1,-1,-1,-1,-1,-1,-1,-1,-1,-1,-1,-1,-1,-1,-1,-1,-1,-1,-1,-1,-1
1148780074.0,34.62087,-112.44849,14.64,-45.103,-52.107,-80.348,-85.474,-86.723,-87.001,-87.027,-87.056,-87.248,-87.352,-87.229,-87.107,-87.136,-87.02,-87.542,-87.48,-87.469,-87.339,-87.193,-87.313
1148780076.0,-1,-1,-1,-1,-1,-1,-1,-1,-1,-1,-1,-1,-1,-1,-1,-1,-1,-1,-1,-1,-1,-1,-1
1148780078.0,34.62087,-112.44849,17.16,-44.105,-51.105,-79.589,-84.97,-86.347,-86.609,-86.658,-86.942,-86.826,-86.988,-86.859,-87.12,-87.194,-87.514,-87.345,-87.326,-87.45,-87.561,-87.423,-87.306
1148780081.0,34.62087,-112.44849,17.2,-46.201,-53.208,-81.172,-85.788,-87.069,-87.251,-86.972,-86.957,-86.973,-87.099,-87.673,-87.455,-87.411,-87.413,-87.276,-87.358,-87.694,-87.662,-88.019,-87.723
1148780083.0,34.62087,-112.44848,17.49,-51.614,-58.619,-84.477,-87.007,-87.348,-87.168,-87.269,-86.825,-86.992,-86.961,-86.95,-87.204,-87.288,-87.226,-87.199,-87.073,-87.424,-87.526,-87.561,-87.657
1148780085.0,34.62086,-112.44846,18.7,-43.904,-50.918,-79.233,-85.026,-86.006,-86.509,-86.96,-87.004,-86.966,-87.034,-87.198,-87.265,-87.387,-87.228,-86.99,-87.221,-87.274,-87.57,-87.504,-87.308
1148780087.0,-1,-1,-1,-1,-1,-1,-1,-1,-1,-1,-1,-1,-1,-1,-1,-1,-1,-1,-1,-1,-1,-1,-1
1148780090.0,-1,-1,-1,-1,-1,-1,-1,-1,-1,-1,-1,-1,-1,-1,-1,-1,-1,-1,-1,-1,-1,-1,-1
1148780092.0,34.62081,-112.4483,27.16,-37.757,-44.758,-73.542,-81.467,-84.616,-84.887,-84.927,-85.897,-85.983,-85.837,-86.025,-86.503,-86.568,-86.551,-86.792,-87.131,-87.407,-87.11,-86.872,-87.45
1148780094.0,34.62079,-112.44824,30.16,-42.96,-49.968,-78.766,-84.583,-86.154,-86.5,-86.593,-86.872,-87.23,-87.058,-87.429,-86.909,-86.942,-86.968,-87.211,-87.175,-87.456,-87.16,-87.169,-87.43
1148780096.0,34.62078,-112.4482,31.59,-47.975,-54.941,-76.988,-83.81,-86.139,-86.765,-86.939,-86.599,-87.163,-87.494,-87.481,-87.463,-87.221,-87.403,-87.438,-87.686,-87.55,-87.714,-87.81,-87.409
1148780098.0,-1,-1,-1,-1,-1,-1,-1,-1,-1,-1,-1,-1,-1,-1,-1,-1,-1,-1,-1,-1,-1,-1,-1
1148780101.0,34.62076,-112.44813,35.04,-34.519,-41.518,-68.67,-76.436,-81.246,-83.204,-83.117,-83.645,-84.131,-84.763,-84.981,-85.501,-85.839,-85.98,-86.398,-86.4,-86.434,-86.727,-86.61,-86.566
1148780103.0,-1,-1,-1,-1,-1,-1,-1,-1,-1,-1,-1,-1,-1,-1,-1,-1,-1,-1,-1,-1,-1,-1,-1
1148780105.0,34.62072,-112.44802,40.15,-30.658,-37.659,-65.191,-72.787,-76.733,-79.388,-79.345,-80.184,-81.361,-81.487,-82.106,-82.671,-82.433,-82.714,-83.535,-83.703,-83.915,-84.339,-84.292,-84.03
1148780107.0,-1,-1,-1,-1,-1,-1,-1,-1,-1,-1,-1,-1,-1,-1,-1,-1,-1,-1,-1,-1,-1,-1,-1
1148780109.0,-1,-1,-1,-1,-1,-1,-1,-1,-1,-1,-1,-1,-1,-1,-1,-1,-1,-1,-1,-1,-1,-1,-1
1148780112.0,34.62069,-112.44792,47.82,-31.959,-38.965,-66.701,-73.471,-77.652,-80.22,-79.27,-80.273,-81.474,-81.55,-81.99,-82.848,-82.122,-82.512,-83.677,-83.297,-83.273,-83.977,-83.743,-83.626
1148780114.0,-1,-1,-1,-1,-1,-1,-1,-1,-1,-1,-1,-1,-1,-1,-1,-1,-1,-1,-1,-1,-1,-1,-1
1148780116.0,-1,-1,-1,-1,-1,-1,-1,-1,-1,-1,-1,-1,-1,-1,-1,-1,-1,-1,-1,-1,-1,-1,-1
1148780118.0,-1,-1,-1,-1,-1,-1,-1,-1,-1,-1,-1,-1,-1,-1,-1,-1,-1,-1,-1,-1,-1,-1,-1
1148780120.0,-1,-1,-1,-1,-1,-1,-1,-1,-1,-1,-1,-1,-1,-1,-1,-1,-1,-1,-1,-1,-1,-1,-1
1148780123.0,-1,-1,-1,-1,-1,-1,-1,-1,-1,-1,-1,-1,-1,-1,-1,-1,-1,-1,-1,-1,-1,-1,-1
1148780125.0,-1,-1,-1,-1,-1,-1,-1,-1,-1,-1,-1,-1,-1,-1,-1,-1,-1,-1,-1,-1,-1,-1,-1
1148780127.0,-1,-1,-1,-1,-1,-1,-1,-1,-1,-1,-1,-1,-1,-1,-1,-1,-1,-1,-1,-1,-1,-1,-1
1148780129.0,-1,-1,-1,-1,-1,-1,-1,-1,-1,-1,-1,-1,-1,-1,-1,-1,-1,-1,-1,-1,-1,-1,-1
1148780131.0,-1,-1,-1,-1,-1,-1,-1,-1,-1,-1,-1,-1,-1,-1,-1,-1,-1,-1,-1,-1,-1,-1,-1
1148780134.0,-1,-1,-1,-1,-1,-1,-1,-1,-1,-1,-1,-1,-1,-1,-1,-1,-1,-1,-1,-1,-1,-1,-1
1148780136.0,-1,-1,-1,-1,-1,-1,-1,-1,-1,-1,-1,-1,-1,-1,-1,-1,-1,-1,-1,-1,-1,-1,-1
1148780138.0,-1,-1,-1,-1,-1,-1,-1,-1,-1,-1,-1,-1,-1,-1,-1,-1,-1,-1,-1,-1,-1,-1,-1
1148780140.0,-1,-1,-1,-1,-1,-1,-1,-1,-1,-1,-1,-1,-1,-1,-1,-1,-1,-1,-1,-1,-1,-1,-1
1148780142.0,-1,-1,-1,-1,-1,-1,-1,-1,-1,-1,-1,-1,-1,-1,-1,-1,-1,-1,-1,-1,-1,-1,-1
1148780145.0,-1,-1,-1,-1,-1,-1,-1,-1,-1,-1,-1,-1,-1,-1,-1,-1,-1,-1,-1,-1,-1,-1,-1
1148780147.0,-1,-1,-1,-1,-1,-1,-1,-1,-1,-1,-1,-1,-1,-1,-1,-1,-1,-1,-1,-1,-1,-1,-1
1148780149.0,-1,-1,-1,-1,-1,-1,-1,-1,-1,-1,-1,-1,-1,-1,-1,-1,-1,-1,-1,-1,-1,-1,-1
1148780151.0,-1,-1,-1,-1,-1,-1,-1,-1,-1,-1,-1,-1,-1,-1,-1,-1,-1,-1,-1,-1,-1,-1,-1
1148780154.0,-1,-1,-1,-1,-1,-1,-1,-1,-1,-1,-1,-1,-1,-1,-1,-1,-1,-1,-1,-1,-1,-1,-1
1148780156.0,-1,-1,-1,-1,-1,-1,-1,-1,-1,-1,-1,-1,-1,-1,-1,-1,-1,-1,-1,-1,-1,-1,-1
1148780158.0,-1,-1,-1,-1,-1,-1,-1,-1,-1,-1,-1,-1,-1,-1,-1,-1,-1,-1,-1,-1,-1,-1,-1
1148780160.0,-1,-1,-1,-1,-1,-1,-1,-1,-1,-1,-1,-1,-1,-1,-1,-1,-1,-1,-1,-1,-1,-1,-1
1148780162.0,-1,-1,-1,-1,-1,-1,-1,-1,-1,-1,-1,-1,-1,-1,-1,-1,-1,-1,-1,-1,-1,-1,-1
1148780165.0,-1,-1,-1,-1,-1,-1,-1,-1,-1,-1,-1,-1,-1,-1,-1,-1,-1,-1,-1,-1,-1,-1,-1
1148780167.0,-1,-1,-1,-1,-1,-1,-1,-1,-1,-1,-1,-1,-1,-1,-1,-1,-1,-1,-1,-1,-1,-1,-1
1148780169.0,-1,-1,-1,-1,-1,-1,-1,-1,-1,-1,-1,-1,-1,-1,-1,-1,-1,-1,-1,-1,-1,-1,-1
1148780171.0,-1,-1,-1,-1,-1,-1,-1,-1,-1,-1,-1,-1,-1,-1,-1,-1,-1,-1,-1,-1,-1,-1,-1
1148780173.0,-1,-1,-1,-1,-1,-1,-1,-1,-1,-1,-1,-1,-1,-1,-1,-1,-1,-1,-1,-1,-1,-1,-1
1148780176.0,-1,-1,-1,-1,-1,-1,-1,-1,-1,-1,-1,-1,-1,-1,-1,-1,-1,-1,-1,-1,-1,-1,-1
1148780178.0,-1,-1,-1,-1,-1,-1,-1,-1,-1,-1,-1,-1,-1,-1,-1,-1,-1,-1,-1,-1,-1,-1,-1
1148780180.0,-1,-1,-1,-1,-1,-1,-1,-1,-1,-1,-1,-1,-1,-1,-1,-1,-1,-1,-1,-1,-1,-1,-1
1148780182.0,-1,-1,-1,-1,-1,-1,-1,-1,-1,-1,-1,-1,-1,-1,-1,-1,-1,-1,-1,-1,-1,-1,-1
1148780184.0,-1,-1,-1,-1,-1,-1,-1,-1,-1,-1,-1,-1,-1,-1,-1,-1,-1,-1,-1,-1,-1,-1,-1
1148780187.0,-1,-1,-1,-1,-1,-1,-1,-1,-1,-1,-1,-1,-1,-1,-1,-1,-1,-1,-1,-1,-1,-1,-1
1148780189.0,-1,-1,-1,-1,-1,-1,-1,-1,-1,-1,-1,-1,-1,-1,-1,-1,-1,-1,-1,-1,-1,-1,-1
1148780191.0,-1,-1,-1,-1,-1,-1,-1,-1,-1,-1,-1,-1,-1,-1,-1,-1,-1,-1,-1,-1,-1,-1,-1
1148780193.0,-1,-1,-1,-1,-1,-1,-1,-1,-1,-1,-1,-1,-1,-1,-1,-1,-1,-1,-1,-1,-1,-1,-1
1148780196.0,-1,-1,-1,-1,-1,-1,-1,-1,-1,-1,-1,-1,-1,-1,-1,-1,-1,-1,-1,-1,-1,-1,-1
1148780198.0,-1,-1,-1,-1,-1,-1,-1,-1,-1,-1,-1,-1,-1,-1,-1,-1,-1,-1,-1,-1,-1,-1,-1
1148780200.0,-1,-1,-1,-1,-1,-1,-1,-1,-1,-1,-1,-1,-1,-1,-1,-1,-1,-1,-1,-1,-1,-1,-1
1148780202.0,-1,-1,-1,-1,-1,-1,-1,-1,-1,-1,-1,-1,-1,-1,-1,-1,-1,-1,-1,-1,-1,-1,-1
1148780205.0,-1,-1,-1,-1,-1,-1,-1,-1,-1,-1,-1,-1,-1,-1,-1,-1,-1,-1,-1,-1,-1,-1,-1
1148780207.0,-1,-1,-1,-1,-1,-1,-1,-1,-1,-1,-1,-1,-1,-1,-1,-1,-1,-1,-1,-1,-1,-1,-1
1148780209.0,34.6209,-112.44836,80.63,-45.065,-52.066,-76.578,-83.774,-86.955,-87.094,-86.767,-86.95,-87.288,-87.034,-86.955,-86.898,-87.053,-87.356,-87.331,-87.318,-87.384,-87.633,-87.276,-87.426
1148780211.0,-1,-1,-1,-1,-1,-1,-1,-1,-1,-1,-1,-1,-1,-1,-1,-1,-1,-1,-1,-1,-1,-1,-1
1148780213.0,-1,-1,-1,-1,-1,-1,-1,-1,-1,-1,-1,-1,-1,-1,-1,-1,-1,-1,-1,-1,-1,-1,-1
1148780216.0,34.6208,-112.44842,81.14,-40.851,-47.88,-75.196,-82.67,-85.702,-86.284,-86.432,-86.624,-86.69,-86.929,-86.903,-87.033,-87.219,-87.287,-87.437,-87.473,-87.54,-87.296,-87.179,-87.786
1148780218.0,34.62074,-112.44844,81.09,-38.78,-45.8,-73.384,-81.378,-84.717,-85.433,-85.614,-86.008,-86.349,-86.144,-86.317,-86.634,-86.746,-86.848,-87.062,-86.948,-87.031,-87.545,-87.226,-86.963
1148780220.0,-1,-1,-1,-1,-1,-1,-1,-1,-1,-1,-1,-1,-1,-1,-1,-1,-1,-1,-1,-1,-1,-1,-1
1148780222.0,34.62066,-112.44846,81.21,-36.64,-43.659,-72.228,-80.359,-83.918,-84.829,-84.926,-85.369,-85.453,-85.288,-85.819,-86.107,-86.286,-86.488,-86.971,-87.04,-87.136,-87.284,-87.421,-87.332
1148780225.0,-1,-1,-1,-1,-1,-1,-1,-1,-1,-1,-1,-1,-1,-1,-1,-1,-1,-1,-1,-1,-1,-1,-1
1148780227.0,34.62055,-112.44846,81.35,-38.06,-45.087,-74.078,-81.706,-84.564,-85.378,-85.258,-85.317,-85.886,-86.425,-86.226,-86.498,-86.712,-86.826,-87.312,-87.305,-86.964,-87.18,-87.513,-87.494
1148780229.0,34.62052,-112.44846,81.25,-40.51,-47.538,-76.729,-83.746,-85.412,-85.977,-86.235,-86.567,-86.627,-86.487,-86.523,-86.676,-86.525,-86.504,-86.874,-87.087,-87.212,-87.227,-87.124,-87.202
1148780231.0,-1,-1,-1,-1,-1,-1,-1,-1,-1,-1,-1,-1,-1,-1,-1,-1,-1,-1,-1,-1,-1,-1,-1
1148780234.0,-1,-1,-1,-1,-1,-1,-1,-1,-1,-1,-1,-1,-1,-1,-1,-1,-1,-1,-1,-1,-1,-1,-1
1148780236.0,-1,-1,-1,-1,-1,-1,-1,-1,-1,-1,-1,-1,-1,-1,-1,-1,-1,-1,-1,-1,-1,-1,-1
1148780238.0,-1,-1,-1,-1,-1,-1,-1,-1,-1,-1,-1,-1,-1,-1,-1,-1,-1,-1,-1,-1,-1,-1,-1
1148780240.0,-1,-1,-1,-1,-1,-1,-1,-1,-1,-1,-1,-1,-1,-1,-1,-1,-1,-1,-1,-1,-1,-1,-1
1148780242.0,-1,-1,-1,-1,-1,-1,-1,-1,-1,-1,-1,-1,-1,-1,-1,-1,-1,-1,-1,-1,-1,-1,-1
1148780245.0,-1,-1,-1,-1,-1,-1,-1,-1,-1,-1,-1,-1,-1,-1,-1,-1,-1,-1,-1,-1,-1,-1,-1
1148780247.0,-1,-1,-1,-1,-1,-1,-1,-1,-1,-1,-1,-1,-1,-1,-1,-1,-1,-1,-1,-1,-1,-1,-1
1148780249.0,34.6202,-112.44828,81.48,-43.905,-50.945,-83.046,-85.581,-86.466,-86.723,-86.969,-87.149,-87.005,-86.614,-86.89,-87.155,-86.956,-86.607,-86.934,-86.904,-87.218,-87.366,-87.598,-87.664
1148780251.0,-1,-1,-1,-1,-1,-1,-1,-1,-1,-1,-1,-1,-1,-1,-1,-1,-1,-1,-1,-1,-1,-1,-1
1148780254.0,-1,-1,-1,-1,-1,-1,-1,-1,-1,-1,-1,-1,-1,-1,-1,-1,-1,-1,-1,-1,-1,-1,-1
1148780256.0,-1,-1,-1,-1,-1,-1,-1,-1,-1,-1,-1,-1,-1,-1,-1,-1,-1,-1,-1,-1,-1,-1,-1
1148780258.0,-1,-1,-1,-1,-1,-1,-1,-1,-1,-1,-1,-1,-1,-1,-1,-1,-1,-1,-1,-1,-1,-1,-1
1148780260.0,-1,-1,-1,-1,-1,-1,-1,-1,-1,-1,-1,-1,-1,-1,-1,-1,-1,-1,-1,-1,-1,-1,-1
1148780262.0,34.62007,-112.44789,81.4,-37.499,-44.525,-73.46,-80.485,-83.78,-85.118,-85.44,-85.715,-85.527,-85.707,-86.217,-86.837,-86.723,-86.625,-86.75,-86.791,-86.906,-87.293,-87.369,-87.245
